D Maple_leaf_v_0.8_x_1_y_1
I 16
C 100
RECT 84634, 87955, 84873, 88432
RECT 84873, 87955, 85052, 88372
RECT 85052, 87955, 85171, 88313
RECT 85171, 87955, 85230, 88253
RECT 85230, 87955, 85290, 88194
RECT 85290, 87955, 85350, 88134
RECT 85350, 87955, 85409, 88074
RECT 85409, 87955, 85469, 88015
END


D Maple_leaf_v_0.8_x_1_y_0, 4233, 7332, 1, 9
I 16
C 100
RECT 84634, 20416, 84694, 21966
RECT 84634, 14634, 84813, 19165
RECT 84813, 14634, 84932, 19224
RECT 84694, 20476, 84992, 21966
RECT 84932, 14634, 85111, 19284
RECT 84992, 20536, 85111, 21966
RECT 85111, 14634, 85171, 14992
RECT 85111, 15111, 85171, 19284
RECT 85111, 20595, 85230, 21966
RECT 85171, 14634, 85230, 14932
RECT 85171, 15171, 85230, 19284
RECT 85230, 14634, 85290, 14873
RECT 85230, 15290, 85290, 19284
RECT 85230, 20655, 85290, 21966
RECT 85290, 14634, 85350, 14813
RECT 85290, 15528, 85350, 19284
RECT 85290, 20714, 85350, 21966
RECT 85350, 14634, 85409, 14753
RECT 85350, 15767, 85409, 19284
RECT 85350, 20774, 85409, 21966
RECT 85409, 14634, 85469, 14694
RECT 85409, 20834, 85469, 21966
RECT 85409, 15707, 85529, 19284
RECT 85469, 20953, 85529, 21966
RECT 85529, 21072, 85588, 21847
RECT 85529, 15707, 85648, 19224
RECT 85588, 21251, 85648, 21609
RECT 85648, 15767, 85707, 19224
RECT 85707, 15767, 85767, 19165
RECT 85767, 15767, 85886, 19105
RECT 85886, 15826, 85946, 19045
RECT 85946, 15826, 86006, 18986
RECT 86006, 15886, 86065, 17615
RECT 86006, 17674, 86065, 18926
RECT 86065, 15886, 86125, 17555
RECT 86065, 17794, 86125, 18807
RECT 86125, 15946, 86184, 17496
RECT 86125, 17913, 86184, 18688
RECT 86184, 16005, 86244, 17496
RECT 86184, 18092, 86244, 18509
RECT 86244, 16065, 86304, 17436
RECT 86304, 16124, 86363, 17317
RECT 86363, 16184, 86423, 17257
RECT 86423, 16303, 86482, 17138
RECT 86482, 16482, 86542, 16959
END


D Maple_leaf_v_0.8_x_1_y_-1
I 16
C 100
RECT 84634, 20416, 84694, 21966
RECT 84694, 20476, 84992, 21966
RECT 84992, 20536, 85111, 21966
RECT 85111, 20595, 85230, 21966
RECT 85230, 20655, 85290, 21966
RECT 85290, 20714, 85350, 21966
RECT 85350, 20774, 85409, 21966
RECT 85409, 20834, 85469, 21966
RECT 85469, 20953, 85529, 21966
RECT 85529, 21072, 85588, 21847
RECT 85588, 21251, 85648, 21609
END


D Maple_leaf_v_0.8_x_0_y_1, 4233, 7332, 18, 1
I 16
C 100
RECT 8436, 80623, 8675, 81100
RECT 8675, 80623, 8734, 81458
RECT 8734, 80623, 8794, 81637
RECT 8794, 80623, 8854, 81696
RECT 8854, 80623, 8913, 81815
RECT 8913, 80623, 8973, 81875
RECT 8973, 80623, 9092, 81935
RECT 9092, 80623, 9152, 81994
RECT 9152, 80623, 9271, 82054
RECT 9271, 80623, 9569, 82113
RECT 9569, 80623, 9748, 82173
RECT 9748, 80623, 9986, 82113
RECT 9986, 80623, 10106, 82054
RECT 10106, 80623, 10225, 81994
RECT 10225, 80623, 10284, 81935
RECT 10284, 80623, 10344, 81875
RECT 10344, 80623, 10404, 81815
RECT 10404, 80623, 10463, 81756
RECT 10463, 80623, 10523, 81696
RECT 10523, 80623, 10583, 81577
RECT 10583, 80623, 10642, 81458
RECT 10642, 80623, 10761, 81517
RECT 10761, 80623, 11000, 81577
RECT 11000, 80623, 11358, 81637
RECT 11358, 80623, 11537, 81577
RECT 11537, 80623, 11656, 81517
RECT 11656, 80623, 11775, 81458
RECT 11775, 80623, 11835, 81398
RECT 11835, 80623, 11894, 81339
RECT 11894, 80623, 11954, 81279
RECT 11954, 80623, 12014, 81160
RECT 12014, 80623, 12073, 81100
RECT 12073, 80623, 12133, 80921
RECT 12133, 80623, 12252, 80981
RECT 12252, 80623, 12431, 81040
RECT 12431, 80623, 12669, 81100
END


D Maple_leaf_v_0.8_x_0_y_0, 4233, 7332, 18, 9
I 16
C 100
RECT 8436, 20416, 8496, 21966
RECT 8436, 14634, 8615, 19165
RECT 8615, 14634, 8734, 19224
RECT 8496, 20476, 8794, 21966
RECT 8794, 20536, 8913, 21966
RECT 8913, 20595, 9032, 21966
RECT 9032, 20476, 9092, 21966
RECT 9092, 20357, 9152, 21966
RECT 9152, 20297, 9211, 21966
RECT 8734, 14634, 9271, 19284
RECT 9211, 20238, 9271, 21966
RECT 9271, 14634, 9331, 19641
RECT 9271, 20178, 9331, 21966
RECT 9331, 14634, 9390, 19820
RECT 9331, 20118, 9390, 21966
RECT 9390, 14634, 9450, 19880
RECT 9390, 20059, 9509, 21966
RECT 9450, 14634, 9509, 19999
RECT 9509, 14634, 10106, 21966
RECT 10106, 16124, 10165, 21966
RECT 10106, 14634, 10225, 16005
RECT 10165, 16184, 10225, 21966
RECT 10225, 14634, 10284, 15946
RECT 10225, 16303, 10284, 21966
RECT 10284, 14634, 10344, 15886
RECT 10284, 16482, 10344, 21966
RECT 10344, 14634, 10404, 15826
RECT 10404, 14634, 10463, 15767
RECT 10463, 14634, 10523, 15707
RECT 10523, 14634, 10583, 15588
RECT 10583, 14634, 10642, 15469
RECT 10642, 14634, 10761, 15528
RECT 10344, 16780, 10821, 21966
RECT 10761, 14634, 11000, 15588
RECT 10821, 16840, 11000, 21966
RECT 11000, 16899, 11060, 21966
RECT 11060, 16959, 11119, 21966
RECT 11119, 16840, 11179, 21966
RECT 11179, 16721, 11238, 21966
RECT 11238, 16661, 11298, 21966
RECT 11000, 14634, 11358, 15648
RECT 11298, 16601, 11358, 21966
RECT 11358, 14634, 11417, 15886
RECT 11358, 16542, 11417, 21966
RECT 11417, 14634, 11477, 16065
RECT 11417, 16482, 11477, 21966
RECT 11477, 14634, 11537, 16184
RECT 11477, 16423, 11537, 21966
RECT 11537, 14634, 11596, 16303
RECT 11537, 16363, 11596, 21966
RECT 11596, 14634, 12192, 21966
RECT 12192, 19761, 12252, 21966
RECT 12192, 14634, 12312, 19701
RECT 12252, 19820, 12312, 21966
RECT 12312, 14634, 12371, 19641
RECT 12312, 19940, 12371, 21966
RECT 12371, 14634, 12431, 19582
RECT 12371, 20059, 12431, 21966
RECT 12431, 14634, 12491, 19522
RECT 12491, 14634, 12550, 19463
RECT 12431, 20476, 12610, 21966
RECT 12550, 14634, 12610, 19403
RECT 12610, 14634, 12669, 19284
RECT 12610, 20416, 12669, 21966
END


D Maple_leaf_v_0.8_x_0_y_-1, 4233, 7332, 18, 1
I 16
C 100
RECT 8436, 13084, 8496, 14634
RECT 8496, 13144, 8794, 14634
RECT 8794, 13204, 8913, 14634
RECT 8913, 13263, 9032, 14634
RECT 9032, 13323, 9092, 14634
RECT 9092, 13382, 9152, 14634
RECT 9152, 13442, 9211, 14634
RECT 9211, 13502, 9271, 14634
RECT 9271, 13621, 9331, 14634
RECT 9331, 13740, 9390, 14634
RECT 9390, 13919, 9450, 14634
RECT 9450, 14157, 9867, 14634
RECT 9867, 14217, 10046, 14634
RECT 10046, 14277, 10165, 14634
RECT 10165, 14336, 10225, 14634
RECT 10225, 14217, 10284, 14634
RECT 10284, 14098, 10344, 14634
RECT 10344, 14038, 10404, 14634
RECT 10404, 13919, 10463, 14634
RECT 10463, 13859, 10583, 14634
RECT 10583, 13800, 10642, 14634
RECT 10642, 13740, 10761, 14634
RECT 10761, 13681, 11000, 14634
RECT 11000, 13621, 11358, 14634
RECT 11358, 13681, 11537, 14634
RECT 11537, 13740, 11656, 14634
RECT 11656, 13800, 11715, 14634
RECT 11715, 13740, 11775, 14634
RECT 11775, 13621, 11835, 14634
RECT 11835, 13502, 11894, 14634
RECT 11894, 13442, 11954, 14634
RECT 11954, 13382, 12014, 14634
RECT 12014, 13323, 12073, 14634
RECT 12073, 13263, 12192, 14634
RECT 12192, 13204, 12312, 14634
RECT 12312, 13144, 12610, 14634
RECT 12610, 13084, 12669, 14634
END


D Maple_leaf_v_0.8_x_-1_y_1
I 16
C 100
RECT 7602, 87955, 7661, 88015
RECT 7661, 87955, 7721, 88074
RECT 7721, 87955, 7781, 88134
RECT 7781, 87955, 7840, 88194
RECT 7840, 87955, 7900, 88253
RECT 7900, 87955, 8019, 88313
RECT 8019, 87955, 8198, 88372
RECT 8198, 87955, 8436, 88432
END


D Maple_leaf_v_0.8_x_-1_y_0, 4233, 7332, 1, 9
I 16
C 100
RECT 6528, 18569, 6588, 19045
RECT 6588, 18390, 6648, 19224
RECT 6648, 18330, 6707, 19343
RECT 6707, 18211, 6767, 19463
RECT 6767, 18151, 6827, 19522
RECT 6827, 17019, 6886, 17496
RECT 6827, 18092, 6886, 19582
RECT 6886, 16840, 6946, 17674
RECT 6886, 18032, 6946, 19641
RECT 6946, 16721, 7005, 17794
RECT 6946, 17972, 7005, 19641
RECT 7005, 16661, 7065, 17853
RECT 7005, 17972, 7065, 19701
RECT 7065, 16601, 7125, 19701
RECT 7125, 15469, 7184, 15886
RECT 7125, 16542, 7184, 19761
RECT 7184, 15290, 7244, 16065
RECT 7184, 16482, 7244, 19761
RECT 7244, 15171, 7304, 16184
RECT 7244, 16423, 7304, 19761
RECT 7304, 15111, 7363, 16303
RECT 7304, 16363, 7363, 19820
RECT 7363, 14992, 7423, 19820
RECT 7423, 14932, 7482, 19820
RECT 7423, 21251, 7482, 21609
RECT 7482, 21072, 7542, 21847
RECT 7482, 14873, 7602, 19820
RECT 7542, 20953, 7602, 21966
RECT 7602, 14634, 7661, 14694
RECT 7602, 20834, 7661, 21966
RECT 7602, 14813, 7721, 19820
RECT 7661, 14634, 7721, 14753
RECT 7661, 20774, 7721, 21966
RECT 7721, 14634, 7781, 19820
RECT 7721, 20714, 7781, 21966
RECT 7781, 20655, 7840, 21966
RECT 7781, 14634, 7959, 19761
RECT 7840, 20595, 7959, 21966
RECT 7959, 14634, 8079, 19701
RECT 7959, 20536, 8079, 21966
RECT 8079, 14634, 8138, 19641
RECT 8138, 14634, 8198, 19582
RECT 8198, 14634, 8258, 19522
RECT 8258, 14634, 8317, 19463
RECT 8079, 20476, 8377, 21966
RECT 8317, 14634, 8377, 19403
RECT 8377, 14634, 8436, 19284
RECT 8377, 20416, 8436, 21966
END


D Maple_leaf_v_0.8_x_-1_y_-1
I 16
C 100
RECT 7423, 21251, 7482, 21609
RECT 7482, 21072, 7542, 21847
RECT 7542, 20953, 7602, 21966
RECT 7602, 20834, 7661, 21966
RECT 7661, 20774, 7721, 21966
RECT 7721, 20714, 7781, 21966
RECT 7781, 20655, 7840, 21966
RECT 7840, 20595, 7959, 21966
RECT 7959, 20536, 8079, 21966
RECT 8079, 20476, 8377, 21966
RECT 8377, 20416, 8436, 21966
END


D Maple_leaf_v_0.9_x_1_y_1
I 16
C 100
RECT 85692, 90705, 85930, 91124
RECT 85930, 90705, 86109, 91064
RECT 86109, 90705, 86228, 91004
RECT 86228, 90705, 86288, 90944
RECT 86288, 90705, 86347, 90884
RECT 86347, 90705, 86407, 90825
RECT 86407, 90705, 86466, 90765
END


D Maple_leaf_v_0.9_x_1_y_0, 4762, 8248, 1, 8
I 16
C 100
RECT 85692, 18738, 85752, 21368
RECT 85692, 16467, 85811, 18559
RECT 85692, 23102, 85811, 24716
RECT 85752, 18798, 85811, 21368
RECT 85811, 18858, 85871, 21428
RECT 85811, 16467, 85930, 18499
RECT 85871, 18978, 85930, 21488
RECT 85930, 16467, 85990, 18440
RECT 85930, 19097, 85990, 21488
RECT 85811, 23162, 86049, 24716
RECT 85990, 16886, 86049, 18380
RECT 85990, 16467, 86109, 16826
RECT 86049, 16945, 86109, 18320
RECT 86049, 23221, 86168, 24716
RECT 86109, 17005, 86168, 18260
RECT 85990, 19635, 86228, 21548
RECT 86109, 16467, 86228, 16766
RECT 86168, 17125, 86228, 18201
RECT 86168, 23281, 86288, 24716
RECT 86228, 16467, 86288, 16706
RECT 86228, 17244, 86288, 18081
RECT 86288, 16467, 86347, 16646
RECT 86288, 17364, 86347, 17902
RECT 86288, 23341, 86347, 24716
RECT 86347, 16467, 86407, 16587
RECT 86347, 23401, 86407, 24716
RECT 86407, 16467, 86466, 16527
RECT 86407, 23461, 86466, 24716
RECT 86228, 19575, 86526, 21608
RECT 86466, 23520, 86526, 24716
RECT 86526, 23640, 86585, 24656
RECT 86585, 23759, 86645, 24536
RECT 86645, 23939, 86704, 24297
RECT 86526, 19635, 86764, 21548
RECT 86764, 19695, 86883, 21488
RECT 86883, 19755, 86942, 21428
RECT 86942, 19814, 87061, 21368
RECT 87061, 19874, 87121, 21309
RECT 87121, 19994, 87180, 21249
RECT 87180, 20053, 87240, 21129
RECT 87240, 20173, 87300, 21010
RECT 87300, 20293, 87359, 20890
END


D Maple_leaf_v_0.9_x_1_y_-1
I 16
C 100
RECT 85692, 23102, 85811, 24716
RECT 85811, 23162, 86049, 24716
RECT 86049, 23221, 86168, 24716
RECT 86168, 23281, 86288, 24716
RECT 86288, 23341, 86347, 24716
RECT 86347, 23401, 86407, 24716
RECT 86407, 23461, 86466, 24716
RECT 86466, 23520, 86526, 24716
RECT 86526, 23640, 86585, 24656
RECT 86585, 23759, 86645, 24536
RECT 86645, 23939, 86704, 24297
END


D Maple_leaf_v_0.9_x_0_y_1, 4762, 8248, 16, 1
I 16
C 100
RECT 9495, 82456, 9733, 82875
RECT 9733, 82456, 9852, 82815
RECT 9852, 82456, 9912, 83293
RECT 9912, 82456, 9971, 83472
RECT 9971, 82456, 10031, 83592
RECT 10031, 82456, 10091, 83652
RECT 10091, 82456, 10150, 83711
RECT 10150, 82456, 10210, 83771
RECT 10210, 82456, 10269, 83831
RECT 10269, 82456, 10388, 83891
RECT 10388, 82456, 10507, 83950
RECT 10507, 82456, 10745, 84010
RECT 10745, 82456, 10924, 84070
RECT 10924, 82456, 11222, 84010
RECT 11222, 82456, 11341, 83950
RECT 11341, 82456, 11460, 83891
RECT 11460, 82456, 11519, 83831
RECT 11519, 82456, 11579, 83771
RECT 11579, 82456, 11638, 83711
RECT 11638, 82456, 11698, 83652
RECT 11698, 82456, 11757, 83532
RECT 11757, 82456, 11817, 83412
RECT 11817, 82456, 11876, 83173
RECT 11876, 82456, 11995, 83233
RECT 11995, 82456, 12055, 83293
RECT 12055, 82456, 12174, 83353
RECT 12174, 82456, 12412, 83412
RECT 12412, 82456, 12710, 83472
RECT 12710, 82456, 12948, 83412
RECT 12948, 82456, 13067, 83353
RECT 13067, 82456, 13127, 83293
RECT 13127, 82456, 13246, 83233
RECT 13246, 82456, 13305, 83173
RECT 13305, 82456, 13365, 83114
RECT 13365, 82456, 13424, 82994
RECT 13424, 82456, 13484, 82875
RECT 13484, 82456, 13543, 82755
RECT 13543, 82456, 13603, 82576
RECT 13603, 82456, 13662, 82635
RECT 13662, 82456, 13722, 82695
RECT 13722, 82456, 13841, 82755
RECT 13841, 82456, 14079, 82815
RECT 14079, 82456, 14258, 82875
END


D Maple_leaf_v_0.9_x_0_y_0, 4762, 8248, 16, 8
I 16
C 100
RECT 9495, 16467, 9555, 18559
RECT 9495, 18679, 9555, 21368
RECT 9495, 23102, 9614, 24716
RECT 9555, 16467, 9614, 21368
RECT 9614, 16467, 9674, 21428
RECT 9674, 16467, 9793, 21488
RECT 9614, 23162, 9852, 24716
RECT 9793, 16467, 9852, 16826
RECT 9793, 16886, 9852, 19516
RECT 9793, 19635, 9912, 21548
RECT 9852, 16467, 9912, 19575
RECT 9852, 23221, 9971, 24716
RECT 9912, 16467, 10031, 21548
RECT 9971, 23281, 10091, 24716
RECT 10031, 16467, 10150, 21608
RECT 10091, 23341, 10150, 24716
RECT 10150, 16467, 10210, 17782
RECT 10150, 17902, 10210, 21608
RECT 10150, 23401, 10210, 24716
RECT 10210, 23221, 10269, 24716
RECT 10210, 16467, 10329, 21608
RECT 10269, 23102, 10329, 24716
RECT 10329, 22982, 10388, 24716
RECT 10388, 22923, 10448, 24716
RECT 10448, 22863, 10507, 24297
RECT 10329, 16467, 10567, 21548
RECT 10448, 24357, 10567, 24716
RECT 10507, 21727, 10567, 21787
RECT 10507, 22803, 10567, 24297
RECT 10567, 16467, 10626, 22086
RECT 10567, 22743, 10626, 24716
RECT 10626, 16467, 10686, 22265
RECT 10626, 22683, 10745, 24716
RECT 10686, 16467, 10745, 22325
RECT 10745, 16467, 10805, 22444
RECT 10745, 22624, 10864, 24716
RECT 10805, 19814, 10864, 22504
RECT 10805, 16467, 10924, 19755
RECT 10864, 19814, 10924, 24716
RECT 10924, 16467, 11162, 24716
RECT 11162, 16467, 11222, 18021
RECT 11162, 18081, 11222, 20711
RECT 11162, 20831, 11281, 24716
RECT 11222, 18141, 11281, 20771
RECT 11222, 16467, 11341, 17961
RECT 11281, 18201, 11341, 24716
RECT 11341, 18320, 11400, 24716
RECT 11341, 16467, 11460, 17902
RECT 11400, 18440, 11460, 24716
RECT 11460, 16467, 11519, 17842
RECT 11460, 18619, 11519, 19037
RECT 11460, 19097, 11519, 24477
RECT 11460, 24536, 11519, 24716
RECT 11519, 16467, 11579, 17782
RECT 11519, 19037, 11579, 24477
RECT 11519, 24596, 11579, 24716
RECT 11579, 16467, 11638, 17722
RECT 11638, 16467, 11698, 17663
RECT 11579, 19037, 11757, 24716
RECT 11698, 16467, 11757, 17543
RECT 11757, 16467, 11817, 17423
RECT 11757, 18978, 11817, 24716
RECT 11817, 16467, 11876, 17184
RECT 11817, 18978, 11876, 22743
RECT 11817, 22803, 11936, 24716
RECT 11876, 18978, 11936, 22683
RECT 11876, 16467, 11995, 17244
RECT 11936, 18978, 11995, 24716
RECT 11995, 16467, 12055, 17304
RECT 11995, 19037, 12174, 24716
RECT 12055, 16467, 12174, 17364
RECT 12174, 19037, 12234, 20950
RECT 12174, 21010, 12234, 23640
RECT 12174, 23759, 12293, 24716
RECT 12234, 19097, 12293, 23700
RECT 12293, 19097, 12353, 24716
RECT 12174, 16467, 12412, 17423
RECT 12353, 19157, 12472, 24716
RECT 12472, 19217, 12531, 24716
RECT 12531, 19276, 12591, 21906
RECT 12531, 22026, 12591, 24716
RECT 12591, 19097, 12650, 24716
RECT 12412, 16467, 12710, 17483
RECT 12650, 18978, 12710, 24716
RECT 12710, 18858, 12769, 24716
RECT 12769, 18798, 12829, 24716
RECT 12829, 18738, 12888, 20173
RECT 12710, 16467, 12948, 17423
RECT 12829, 20233, 12948, 24716
RECT 12888, 17603, 12948, 17663
RECT 12888, 18679, 12948, 20173
RECT 12948, 16467, 13007, 17961
RECT 12948, 18619, 13007, 24716
RECT 13007, 16467, 13067, 18141
RECT 13007, 18559, 13127, 24716
RECT 13067, 16467, 13127, 18201
RECT 13127, 16467, 13186, 18320
RECT 13127, 18499, 13186, 24716
RECT 13186, 16467, 13246, 18380
RECT 13186, 18499, 13246, 23879
RECT 13186, 23939, 13305, 24716
RECT 13246, 16467, 13305, 23879
RECT 13305, 16467, 13543, 24716
RECT 13543, 16467, 13603, 16587
RECT 13543, 16706, 13603, 22146
RECT 13543, 22205, 13603, 24716
RECT 13603, 16467, 13662, 16646
RECT 13603, 16706, 13662, 22086
RECT 13603, 22265, 13662, 24716
RECT 13662, 16467, 13722, 22086
RECT 13662, 22325, 13722, 24716
RECT 13722, 22444, 13781, 24716
RECT 13722, 16467, 13841, 22026
RECT 13781, 22564, 13841, 24716
RECT 13841, 20412, 13900, 21966
RECT 13841, 22743, 13900, 23162
RECT 13841, 23221, 13900, 24716
RECT 13841, 16467, 13960, 20352
RECT 13900, 20472, 13960, 21906
RECT 13960, 16467, 14019, 21847
RECT 14019, 16467, 14079, 21787
RECT 13900, 23162, 14139, 24716
RECT 14079, 16467, 14139, 21667
RECT 14139, 16467, 14198, 21548
RECT 14139, 23102, 14258, 24716
RECT 14198, 16467, 14258, 18619
RECT 14198, 18679, 14258, 21309
END


D Maple_leaf_v_0.9_x_0_y_-1, 4762, 8248, 16, 1
I 16
C 100
RECT 9495, 14854, 9614, 16468
RECT 9614, 14914, 9852, 16468
RECT 9852, 14973, 9971, 16468
RECT 9971, 15033, 10091, 16468
RECT 10091, 15093, 10150, 16468
RECT 10150, 15153, 10210, 16468
RECT 10210, 15213, 10269, 16468
RECT 10269, 15272, 10329, 16468
RECT 10329, 15392, 10388, 16468
RECT 10388, 15511, 10448, 16468
RECT 10448, 15691, 10507, 16049
RECT 10448, 16109, 10626, 16468
RECT 10626, 16049, 11043, 16468
RECT 11043, 16109, 11281, 16468
RECT 11281, 16169, 11341, 16468
RECT 11341, 16229, 11460, 16468
RECT 11460, 16288, 11519, 16468
RECT 11519, 16348, 11579, 16468
RECT 11579, 16169, 11638, 16468
RECT 11638, 15990, 11698, 16468
RECT 11698, 15930, 11757, 16468
RECT 11757, 15810, 11817, 16468
RECT 11817, 15750, 11876, 16468
RECT 11876, 15691, 11995, 16468
RECT 11995, 15631, 12055, 16468
RECT 12055, 15571, 12174, 16468
RECT 12174, 15511, 12412, 16468
RECT 12412, 15452, 12710, 16468
RECT 12710, 15511, 12948, 16468
RECT 12948, 15571, 13067, 16468
RECT 13067, 15631, 13127, 16468
RECT 13127, 15691, 13305, 16468
RECT 13305, 15511, 13365, 16468
RECT 13365, 15392, 13424, 16468
RECT 13424, 15272, 13484, 16468
RECT 13484, 15213, 13543, 16468
RECT 13543, 15153, 13603, 16468
RECT 13603, 15093, 13662, 16468
RECT 13662, 15033, 13781, 16468
RECT 13781, 14973, 13900, 16468
RECT 13900, 14914, 14139, 16468
RECT 14139, 14854, 14258, 16468
END


D Maple_leaf_v_0.9_x_-1_y_1
I 16
C 100
RECT 8721, 90705, 8780, 90765
RECT 8780, 90705, 8840, 90825
RECT 8840, 90705, 8899, 90884
RECT 8899, 90705, 8959, 90944
RECT 8959, 90705, 9078, 91004
RECT 9078, 90705, 9316, 91064
RECT 9316, 90705, 9495, 91124
END


D Maple_leaf_v_0.9_x_-1_y_0, 4762, 8248, 1, 8
I 16
C 100
RECT 7828, 19097, 7887, 19695
RECT 7887, 18978, 7947, 19874
RECT 7947, 18858, 8006, 19934
RECT 8006, 18798, 8066, 20053
RECT 8066, 18738, 8125, 20113
RECT 8125, 17603, 8185, 17663
RECT 8125, 18679, 8185, 20173
RECT 8185, 17304, 8244, 17961
RECT 8185, 18619, 8244, 20233
RECT 8244, 17184, 8304, 18141
RECT 8244, 18559, 8304, 20233
RECT 8304, 17065, 8364, 18201
RECT 8304, 18559, 8364, 20293
RECT 8364, 17005, 8423, 18320
RECT 8364, 18499, 8423, 20293
RECT 8423, 16945, 8483, 18380
RECT 8423, 18499, 8483, 20352
RECT 8483, 16886, 8542, 20352
RECT 8483, 23939, 8542, 24297
RECT 8542, 16826, 8602, 20412
RECT 8542, 23759, 8602, 24536
RECT 8602, 23640, 8661, 24656
RECT 8602, 16766, 8721, 20412
RECT 8661, 23520, 8721, 24716
RECT 8721, 16467, 8780, 16527
RECT 8721, 23461, 8780, 24716
RECT 8780, 16467, 8840, 16587
RECT 8780, 23401, 8840, 24716
RECT 8721, 16706, 8899, 20412
RECT 8840, 16467, 8899, 16646
RECT 8840, 23341, 8899, 24716
RECT 8899, 23281, 9018, 24716
RECT 8899, 16467, 9078, 20412
RECT 9018, 23221, 9137, 24716
RECT 9078, 16467, 9197, 20352
RECT 9197, 16467, 9256, 20890
RECT 9256, 16467, 9316, 21070
RECT 9137, 23162, 9376, 24716
RECT 9316, 16467, 9376, 21129
RECT 9376, 16467, 9435, 21249
RECT 9376, 23102, 9495, 24716
RECT 9435, 16467, 9495, 18619
RECT 9435, 18679, 9495, 21309
END


D Maple_leaf_v_0.9_x_-1_y_-1
I 16
C 100
RECT 8483, 23939, 8542, 24297
RECT 8542, 23759, 8602, 24536
RECT 8602, 23640, 8661, 24656
RECT 8661, 23520, 8721, 24716
RECT 8721, 23461, 8780, 24716
RECT 8780, 23401, 8840, 24716
RECT 8840, 23341, 8899, 24716
RECT 8899, 23281, 9018, 24716
RECT 9018, 23221, 9137, 24716
RECT 9137, 23162, 9376, 24716
RECT 9376, 23102, 9495, 24716
END


D Maple_leaf_v_1.0_x_1_y_1
I 16
C 100
RECT 89926, 91622, 90105, 91981
RECT 90105, 91622, 90283, 91922
RECT 90283, 91622, 90402, 91862
RECT 90402, 91622, 90521, 91802
RECT 90521, 91622, 90580, 91742
RECT 90580, 91622, 90640, 91682
END


D Maple_leaf_v_1.0_x_1_y_0, 5291, 9165, 1, 7
I 16
C 100
RECT 89926, 20936, 89986, 23572
RECT 89926, 18719, 90045, 20516
RECT 89926, 25788, 90045, 27465
RECT 89986, 21056, 90045, 23631
RECT 89926, 18300, 90105, 18659
RECT 90045, 18779, 90105, 20457
RECT 90045, 21175, 90105, 22014
RECT 90045, 22074, 90164, 23691
RECT 90105, 18779, 90164, 20397
RECT 90105, 21295, 90164, 21834
RECT 90164, 18839, 90224, 20397
RECT 90164, 22014, 90224, 23751
RECT 90045, 25848, 90283, 27465
RECT 90105, 18300, 90283, 18600
RECT 90224, 18899, 90283, 20337
RECT 90283, 18959, 90342, 20277
RECT 90224, 21954, 90402, 23811
RECT 90283, 18300, 90402, 18540
RECT 90283, 25908, 90402, 27465
RECT 90342, 19019, 90402, 20157
RECT 90402, 19139, 90461, 20097
RECT 90402, 18300, 90521, 18480
RECT 90402, 25968, 90521, 27465
RECT 90461, 19258, 90521, 19917
RECT 90521, 18300, 90580, 18420
RECT 90521, 26028, 90580, 27465
RECT 90580, 18300, 90640, 18360
RECT 90580, 26087, 90640, 27465
RECT 90640, 26147, 90699, 27465
RECT 90699, 26207, 90759, 27405
RECT 90759, 26327, 90818, 27345
RECT 90818, 26447, 90878, 27226
RECT 90402, 21894, 90937, 23871
RECT 90878, 26627, 90937, 26986
RECT 90937, 21954, 91115, 23811
RECT 91115, 22014, 91234, 23751
RECT 91234, 22074, 91294, 23691
RECT 91294, 22134, 91353, 23631
RECT 91353, 22194, 91413, 23572
RECT 91413, 22254, 91472, 23512
RECT 91472, 22314, 91532, 23452
RECT 91532, 22433, 91591, 23332
RECT 91591, 22553, 91650, 23212
RECT 91650, 22853, 91710, 22913
END


D Maple_leaf_v_1.0_x_1_y_-1
I 16
C 100
RECT 89926, 25788, 90045, 27465
RECT 90045, 25848, 90283, 27465
RECT 90283, 25908, 90402, 27465
RECT 90402, 25968, 90521, 27465
RECT 90521, 26028, 90580, 27465
RECT 90580, 26087, 90640, 27465
RECT 90640, 26147, 90699, 27465
RECT 90699, 26207, 90759, 27405
RECT 90759, 26327, 90818, 27345
RECT 90818, 26447, 90878, 27226
RECT 90878, 26627, 90937, 26986
END


D Maple_leaf_v_1.0_x_0_y_1, 5291, 9165, 15, 1
I 16
C 100
RECT 10553, 82456, 10732, 82815
RECT 10732, 82456, 10910, 82756
RECT 10910, 82456, 11029, 82696
RECT 11029, 82456, 11148, 82636
RECT 11088, 82815, 11148, 83414
RECT 11148, 82456, 11207, 82576
RECT 11148, 82636, 11207, 83594
RECT 11207, 82456, 11267, 82516
RECT 11207, 82576, 11267, 83654
RECT 11267, 82456, 11326, 83774
RECT 11326, 82456, 11386, 83834
RECT 11386, 82456, 11505, 83894
RECT 11505, 82456, 11564, 83954
RECT 11564, 82456, 11683, 84014
RECT 11683, 82456, 11921, 84073
RECT 11921, 82456, 12159, 84133
RECT 12159, 82456, 12396, 84073
RECT 12396, 82456, 12575, 84014
RECT 12575, 82456, 12634, 83954
RECT 12634, 82456, 12694, 83894
RECT 12694, 82456, 12813, 83834
RECT 12813, 82456, 12872, 83714
RECT 12872, 82576, 12931, 83654
RECT 12931, 82456, 12991, 82576
RECT 12931, 82696, 12991, 83534
RECT 12991, 82456, 13050, 83414
RECT 13050, 82456, 13110, 82935
RECT 13110, 82456, 13169, 83055
RECT 13169, 82456, 13229, 83115
RECT 13229, 82456, 13288, 83175
RECT 13288, 82456, 13348, 83235
RECT 13348, 82456, 13467, 83295
RECT 13467, 82456, 13585, 83355
RECT 13585, 82456, 13823, 83414
RECT 13823, 82456, 14121, 83474
RECT 14121, 82456, 14299, 83414
RECT 14299, 82456, 14477, 83355
RECT 14477, 82456, 14537, 83295
RECT 14537, 82456, 14596, 83235
RECT 14596, 82456, 14656, 83175
RECT 14656, 82456, 14715, 83115
RECT 14715, 82456, 14775, 83055
RECT 14775, 82456, 14834, 82995
RECT 14834, 82456, 14893, 82875
RECT 14893, 82456, 14953, 82696
RECT 15131, 82456, 15191, 82516
RECT 15191, 82456, 15250, 82576
RECT 15250, 82456, 15369, 82636
RECT 15369, 82456, 15488, 82696
RECT 15488, 82456, 15666, 82756
RECT 15666, 82456, 15845, 82815
END


D Maple_leaf_v_1.0_x_0_y_0, 5291, 9165, 15, 7
I 16
C 100
RECT 10553, 20936, 10613, 23572
RECT 10553, 18719, 10672, 20516
RECT 10553, 25788, 10672, 27465
RECT 10613, 21056, 10672, 23631
RECT 10553, 18300, 10732, 18659
RECT 10672, 18779, 10732, 20457
RECT 10672, 20756, 10732, 21115
RECT 10672, 21175, 10732, 22014
RECT 10672, 22074, 10791, 23691
RECT 10732, 18779, 10791, 20397
RECT 10732, 20516, 10791, 21834
RECT 10791, 18839, 10851, 21415
RECT 10791, 22014, 10851, 23751
RECT 10672, 25848, 10910, 27465
RECT 10732, 18300, 10910, 18600
RECT 10851, 18899, 10910, 21535
RECT 10910, 18959, 10969, 21595
RECT 10851, 21954, 11029, 23811
RECT 10910, 18300, 11029, 18540
RECT 10910, 25908, 11029, 27465
RECT 10969, 19019, 11029, 20157
RECT 10969, 20217, 11029, 21655
RECT 11029, 19139, 11088, 20097
RECT 11029, 20157, 11088, 21715
RECT 11029, 18300, 11148, 18480
RECT 11029, 25968, 11148, 27465
RECT 11088, 18659, 11148, 19917
RECT 11088, 20097, 11148, 21715
RECT 11148, 18300, 11207, 18420
RECT 11148, 18480, 11207, 19438
RECT 11148, 20037, 11207, 21774
RECT 11148, 26028, 11207, 27465
RECT 11207, 18300, 11267, 18360
RECT 11207, 18420, 11267, 19498
RECT 11207, 20037, 11267, 21834
RECT 11207, 26087, 11267, 27465
RECT 11267, 18300, 11326, 19618
RECT 11267, 26147, 11326, 27465
RECT 11029, 21894, 11386, 23871
RECT 11267, 19977, 11386, 21834
RECT 11326, 18300, 11386, 19678
RECT 11326, 26207, 11386, 27465
RECT 11386, 19977, 11445, 23871
RECT 11386, 26327, 11445, 27465
RECT 11386, 18300, 11505, 19738
RECT 11445, 25908, 11505, 26387
RECT 11445, 26447, 11505, 27226
RECT 11445, 19917, 11564, 23871
RECT 11445, 27285, 11564, 27465
RECT 11505, 18300, 11564, 19798
RECT 11505, 25728, 11564, 26567
RECT 11505, 26627, 11564, 26986
RECT 11564, 25608, 11623, 26686
RECT 11564, 18300, 11683, 19858
RECT 11564, 19917, 11683, 21894
RECT 11564, 27226, 11683, 27465
RECT 11623, 25548, 11683, 26746
RECT 11564, 21954, 11742, 23811
RECT 11683, 25488, 11742, 26866
RECT 11742, 25428, 11802, 26926
RECT 11683, 27166, 11861, 27465
RECT 11742, 22014, 11861, 23751
RECT 11802, 24051, 11861, 24350
RECT 11802, 25369, 11861, 26926
RECT 11861, 22074, 11921, 23691
RECT 11861, 23811, 11921, 24530
RECT 11861, 25309, 11921, 26986
RECT 11921, 22134, 11980, 23631
RECT 11921, 23691, 11980, 24710
RECT 11921, 25309, 11980, 27046
RECT 11683, 18300, 12040, 21894
RECT 11861, 27106, 12040, 27465
RECT 11980, 22194, 12040, 23572
RECT 11980, 23631, 12040, 24770
RECT 11980, 25249, 12040, 27046
RECT 12040, 18300, 12099, 21834
RECT 12040, 22254, 12099, 24829
RECT 12040, 25249, 12099, 27465
RECT 12099, 18300, 12159, 19977
RECT 12099, 20037, 12159, 21834
RECT 12099, 22314, 12159, 24889
RECT 12159, 20037, 12218, 21774
RECT 12159, 22433, 12218, 23332
RECT 12159, 23392, 12218, 24949
RECT 12218, 20097, 12277, 21774
RECT 12218, 21894, 12277, 23212
RECT 12218, 23392, 12277, 25009
RECT 12277, 20157, 12337, 21715
RECT 12277, 21774, 12337, 22673
RECT 12277, 22853, 12337, 22913
RECT 12277, 23332, 12337, 25069
RECT 12099, 25189, 12396, 27465
RECT 12159, 18300, 12396, 19917
RECT 12337, 20157, 12396, 22793
RECT 12337, 23272, 12396, 25069
RECT 12396, 20217, 12456, 22853
RECT 12396, 23272, 12456, 27465
RECT 12456, 20337, 12515, 22913
RECT 12456, 23272, 12515, 27166
RECT 12396, 18300, 12575, 19858
RECT 12456, 27226, 12575, 27465
RECT 12515, 20397, 12575, 21415
RECT 12515, 21475, 12575, 22972
RECT 12515, 23212, 12575, 25129
RECT 12515, 25189, 12575, 27166
RECT 12575, 18300, 12634, 19798
RECT 12575, 20516, 12634, 21295
RECT 12575, 21415, 12634, 23032
RECT 12575, 23212, 12634, 27166
RECT 12575, 27285, 12634, 27465
RECT 12634, 18300, 12694, 19738
RECT 12634, 20696, 12694, 21115
RECT 12634, 21355, 12753, 23092
RECT 12634, 27345, 12753, 27465
RECT 12634, 23212, 12813, 27106
RECT 12694, 18300, 12813, 19678
RECT 12753, 27405, 12813, 27465
RECT 12753, 21295, 12872, 23152
RECT 12813, 18300, 12872, 19558
RECT 12813, 23212, 12872, 25189
RECT 12813, 25249, 12931, 27046
RECT 12872, 18420, 12931, 19498
RECT 12872, 21295, 12931, 25189
RECT 12931, 18300, 12991, 18420
RECT 12931, 18540, 12991, 19378
RECT 12931, 25309, 12991, 26986
RECT 12931, 27345, 12991, 27465
RECT 12931, 21235, 13050, 25189
RECT 12991, 18300, 13050, 19258
RECT 12991, 25369, 13050, 26986
RECT 12991, 27106, 13050, 27465
RECT 13050, 18300, 13110, 18779
RECT 13050, 21235, 13110, 25129
RECT 13050, 25369, 13110, 26926
RECT 13050, 26986, 13110, 27465
RECT 13110, 18300, 13169, 18899
RECT 13110, 25428, 13169, 27465
RECT 13110, 23272, 13229, 25129
RECT 13169, 18300, 13229, 18959
RECT 13169, 25488, 13229, 27465
RECT 13229, 18300, 13288, 19019
RECT 13229, 23272, 13288, 25069
RECT 13229, 25548, 13288, 27465
RECT 13288, 18300, 13348, 19079
RECT 13288, 23332, 13348, 25069
RECT 13288, 25668, 13348, 26627
RECT 13288, 26686, 13348, 27465
RECT 13348, 23332, 13407, 25009
RECT 13348, 25189, 13407, 26507
RECT 13110, 21235, 13467, 23212
RECT 13348, 18300, 13467, 19139
RECT 13348, 26627, 13467, 27465
RECT 13407, 23392, 13467, 25009
RECT 13407, 25069, 13467, 25968
RECT 13407, 26028, 13467, 26267
RECT 13467, 21295, 13526, 23212
RECT 13467, 23452, 13526, 26028
RECT 13467, 18300, 13585, 19199
RECT 13467, 26567, 13585, 27465
RECT 13526, 23512, 13585, 26147
RECT 13526, 21295, 13645, 23152
RECT 13585, 23572, 13645, 24770
RECT 13585, 24829, 13645, 26207
RECT 13645, 23691, 13704, 24710
RECT 13645, 24770, 13704, 26267
RECT 13645, 21355, 13764, 23092
RECT 13704, 23332, 13764, 23751
RECT 13704, 23811, 13764, 24590
RECT 13704, 24710, 13764, 26327
RECT 13585, 18300, 13823, 19258
RECT 13585, 26507, 13823, 27465
RECT 13764, 21415, 13823, 23032
RECT 13764, 23152, 13823, 24410
RECT 13764, 24650, 13823, 26327
RECT 13823, 21475, 13883, 22972
RECT 13823, 23032, 13883, 24051
RECT 13823, 24650, 13883, 26387
RECT 13823, 26447, 13942, 27465
RECT 13883, 21535, 13942, 24111
RECT 13883, 24590, 13942, 26387
RECT 13942, 21595, 14002, 24230
RECT 13942, 24590, 14002, 27465
RECT 14002, 21655, 14061, 24290
RECT 13823, 18300, 14121, 19318
RECT 14061, 21535, 14121, 21655
RECT 14061, 21774, 14121, 22673
RECT 14061, 22733, 14180, 24350
RECT 14121, 21235, 14180, 22553
RECT 14180, 21115, 14239, 22074
RECT 14180, 22673, 14239, 24410
RECT 14002, 24530, 14299, 27465
RECT 14121, 18300, 14299, 19258
RECT 14239, 20996, 14299, 22134
RECT 14239, 22613, 14299, 24410
RECT 14299, 20936, 14358, 22194
RECT 14299, 22613, 14418, 24470
RECT 14299, 24530, 14418, 26507
RECT 14358, 20876, 14418, 22314
RECT 14299, 18300, 14477, 19199
RECT 14299, 26567, 14477, 27465
RECT 14418, 20816, 14477, 22314
RECT 14418, 22553, 14537, 26507
RECT 14477, 18300, 14537, 19139
RECT 14477, 19318, 14537, 19917
RECT 14477, 20756, 14537, 22373
RECT 14477, 26627, 14537, 27465
RECT 14537, 18300, 14596, 19079
RECT 14537, 19199, 14596, 20037
RECT 14537, 26686, 14596, 27465
RECT 14537, 20696, 14656, 22433
RECT 14537, 22553, 14656, 26447
RECT 14596, 18300, 14656, 19019
RECT 14596, 19079, 14656, 20157
RECT 14596, 26746, 14656, 27465
RECT 14656, 18300, 14715, 20217
RECT 14656, 24590, 14715, 26447
RECT 14656, 26806, 14715, 27465
RECT 14656, 20636, 14775, 22493
RECT 14656, 22553, 14775, 24530
RECT 14715, 18300, 14775, 20277
RECT 14715, 24590, 14775, 26387
RECT 14715, 26866, 14775, 27465
RECT 14775, 18300, 14834, 20337
RECT 14775, 20636, 14834, 24530
RECT 14775, 24650, 14834, 26387
RECT 14775, 26926, 14834, 27465
RECT 14834, 18300, 14893, 18719
RECT 14834, 18839, 14893, 20397
RECT 14834, 24650, 14893, 26327
RECT 14834, 26627, 14893, 26986
RECT 14834, 27046, 14893, 27465
RECT 14834, 20576, 14953, 24530
RECT 14893, 18300, 14953, 18540
RECT 14893, 18779, 14953, 20457
RECT 14893, 24710, 14953, 26327
RECT 14893, 26447, 14953, 27465
RECT 14953, 18719, 15012, 20457
RECT 14953, 20576, 15012, 24470
RECT 14953, 24770, 15012, 26267
RECT 14953, 26327, 15012, 27345
RECT 15012, 18719, 15072, 20516
RECT 15012, 24770, 15072, 27405
RECT 15012, 20576, 15131, 22553
RECT 15012, 22613, 15131, 24470
RECT 15072, 18659, 15131, 20516
RECT 15072, 24889, 15131, 27465
RECT 15131, 18300, 15191, 18360
RECT 15131, 24949, 15191, 27465
RECT 15131, 18659, 15250, 22553
RECT 15131, 22673, 15250, 24410
RECT 15191, 18300, 15250, 18420
RECT 15191, 25069, 15250, 25968
RECT 15191, 26028, 15250, 27465
RECT 15250, 22733, 15310, 24350
RECT 15250, 25189, 15310, 25848
RECT 15250, 18300, 15369, 18480
RECT 15250, 25968, 15369, 27465
RECT 15310, 22733, 15369, 24290
RECT 15250, 18600, 15429, 22553
RECT 15369, 22793, 15429, 24290
RECT 15369, 18300, 15488, 18540
RECT 15369, 25908, 15488, 27465
RECT 15429, 18600, 15488, 22493
RECT 15429, 22853, 15488, 24230
RECT 15488, 18300, 15547, 20636
RECT 15488, 20696, 15547, 22493
RECT 15488, 22972, 15547, 24111
RECT 15547, 20696, 15607, 22433
RECT 15547, 23032, 15607, 24051
RECT 15607, 20756, 15666, 22433
RECT 15607, 22613, 15666, 23931
RECT 15488, 25848, 15726, 27465
RECT 15666, 20756, 15726, 22373
RECT 15666, 22433, 15726, 23332
RECT 15666, 23392, 15726, 23691
RECT 15547, 18300, 15785, 20576
RECT 15726, 20816, 15785, 22314
RECT 15726, 22373, 15785, 23392
RECT 15726, 25788, 15845, 27465
RECT 15785, 18300, 15845, 20516
RECT 15785, 20876, 15845, 23512
END


D Maple_leaf_v_1.0_x_0_y_-1, 5291, 9165, 15, 1
I 16
C 100
RECT 10553, 16623, 10672, 18300
RECT 10672, 16683, 10910, 18300
RECT 10910, 16743, 11029, 18300
RECT 11029, 16803, 11148, 18300
RECT 11148, 16863, 11207, 18300
RECT 11207, 16922, 11267, 18300
RECT 11267, 16982, 11326, 18300
RECT 11326, 17042, 11386, 18300
RECT 11386, 17162, 11445, 18300
RECT 11445, 17282, 11505, 18061
RECT 11445, 18120, 11564, 18300
RECT 11505, 17462, 11564, 17821
RECT 11564, 18061, 11683, 18300
RECT 11683, 18001, 11861, 18300
RECT 11861, 17941, 12218, 18300
RECT 12218, 18001, 12456, 18300
RECT 12456, 18061, 12575, 18300
RECT 12575, 18120, 12634, 18300
RECT 12634, 18180, 12753, 18300
RECT 12753, 18240, 12813, 18300
RECT 12931, 18180, 12991, 18300
RECT 12991, 17941, 13050, 18300
RECT 13050, 17821, 13110, 18300
RECT 13110, 17701, 13169, 18300
RECT 13169, 17641, 13229, 18300
RECT 13229, 17581, 13288, 18300
RECT 13288, 17521, 13348, 18300
RECT 13348, 17462, 13467, 18300
RECT 13467, 17402, 13585, 18300
RECT 13585, 17342, 13823, 18300
RECT 13823, 17282, 14121, 18300
RECT 14121, 17342, 14299, 18300
RECT 14299, 17402, 14477, 18300
RECT 14477, 17462, 14537, 18300
RECT 14537, 17521, 14596, 18300
RECT 14596, 17581, 14656, 18300
RECT 14656, 17641, 14715, 18300
RECT 14715, 17701, 14775, 18300
RECT 14775, 17761, 14834, 18300
RECT 14834, 17462, 14893, 17821
RECT 14834, 17881, 14893, 18300
RECT 14893, 17282, 14953, 18300
RECT 14953, 17162, 15012, 18180
RECT 15012, 17042, 15072, 18240
RECT 15072, 16982, 15131, 18300
RECT 15131, 16922, 15191, 18300
RECT 15191, 16863, 15250, 18300
RECT 15250, 16803, 15369, 18300
RECT 15369, 16743, 15488, 18300
RECT 15488, 16683, 15726, 18300
RECT 15726, 16623, 15845, 18300
END


D Maple_leaf_v_1.0_x_-1_y_1
I 16
C 100
RECT 9840, 91622, 9900, 91682
RECT 9900, 91622, 9959, 91742
RECT 9959, 91622, 10078, 91802
RECT 10078, 91622, 10197, 91862
RECT 10197, 91622, 10375, 91922
RECT 10375, 91622, 10554, 91981
END


D Maple_leaf_v_1.0_x_-1_y_0, 5291, 9165, 1, 7
I 16
C 100
RECT 8770, 21535, 8830, 21655
RECT 8830, 21235, 8889, 21894
RECT 8889, 21115, 8948, 22074
RECT 8948, 20996, 9008, 22134
RECT 9008, 20936, 9067, 22194
RECT 9067, 20876, 9127, 22314
RECT 9127, 20816, 9186, 22314
RECT 9186, 19318, 9246, 19917
RECT 9186, 20756, 9246, 22373
RECT 9246, 19199, 9305, 20037
RECT 9246, 20696, 9365, 22433
RECT 9305, 19079, 9365, 20157
RECT 9365, 18959, 9424, 20217
RECT 9365, 20636, 9484, 22493
RECT 9424, 18899, 9484, 20277
RECT 9484, 18839, 9543, 20337
RECT 9484, 20636, 9543, 22553
RECT 9543, 18839, 9602, 20397
RECT 9543, 26627, 9602, 26986
RECT 9602, 18779, 9662, 20457
RECT 9602, 26447, 9662, 27226
RECT 9662, 18719, 9721, 20457
RECT 9662, 26327, 9721, 27345
RECT 9721, 18719, 9781, 20516
RECT 9721, 26207, 9781, 27405
RECT 9543, 20576, 9840, 22553
RECT 9781, 18659, 9840, 20516
RECT 9781, 26147, 9840, 27465
RECT 9840, 18300, 9900, 18360
RECT 9840, 26087, 9900, 27465
RECT 9840, 18659, 9959, 22553
RECT 9900, 18300, 9959, 18420
RECT 9900, 26028, 9959, 27465
RECT 9959, 18300, 10078, 18480
RECT 9959, 25968, 10078, 27465
RECT 9959, 18600, 10138, 22553
RECT 10078, 18300, 10197, 18540
RECT 10078, 25908, 10197, 27465
RECT 10138, 18600, 10197, 22493
RECT 10197, 18300, 10256, 20636
RECT 10197, 20696, 10256, 22493
RECT 10256, 20696, 10316, 22433
RECT 10316, 20756, 10375, 22433
RECT 10316, 22613, 10375, 23152
RECT 10197, 25848, 10435, 27465
RECT 10375, 20756, 10435, 22373
RECT 10375, 22433, 10435, 23332
RECT 10256, 18300, 10494, 20576
RECT 10435, 20816, 10494, 22314
RECT 10435, 22373, 10494, 23392
RECT 10435, 25788, 10554, 27465
RECT 10494, 18300, 10554, 20516
RECT 10494, 20876, 10554, 23512
END


D Maple_leaf_v_1.0_x_-1_y_-1
I 16
C 100
RECT 9543, 26627, 9602, 26986
RECT 9602, 26447, 9662, 27226
RECT 9662, 26327, 9721, 27345
RECT 9721, 26207, 9781, 27405
RECT 9781, 26147, 9840, 27465
RECT 9840, 26087, 9900, 27465
RECT 9900, 26028, 9959, 27465
RECT 9959, 25968, 10078, 27465
RECT 10078, 25908, 10197, 27465
RECT 10197, 25848, 10435, 27465
RECT 10435, 25788, 10554, 27465
END


D Maple_leaf_v_1.1_x_1_y_1
I 16
C 100
RECT 87280, 90705, 87458, 91003
RECT 87458, 90705, 87637, 90944
RECT 87637, 90705, 87755, 90884
RECT 87755, 90705, 87874, 90824
RECT 87874, 90705, 87934, 90765
END


D Maple_leaf_v_1.1_x_1_y_0, 5820, 10081, 1, 6
I 16
C 100
RECT 87280, 20670, 87340, 22460
RECT 87280, 23235, 87340, 24249
RECT 87280, 24548, 87340, 25800
RECT 87340, 20730, 87399, 22460
RECT 87340, 23355, 87399, 24130
RECT 87340, 24488, 87399, 25860
RECT 87280, 20133, 87458, 20431
RECT 87280, 28485, 87458, 30215
RECT 87399, 20730, 87458, 22400
RECT 87399, 23533, 87458, 23951
RECT 87399, 24428, 87458, 25920
RECT 87458, 20789, 87518, 22340
RECT 87458, 24369, 87577, 25979
RECT 87518, 20849, 87577, 22281
RECT 87458, 20133, 87637, 20372
RECT 87577, 20909, 87637, 22221
RECT 87458, 28545, 87696, 30215
RECT 87577, 24309, 87696, 26039
RECT 87637, 20968, 87696, 22161
RECT 87637, 20133, 87755, 20312
RECT 87696, 21088, 87755, 22102
RECT 87696, 24249, 87815, 26099
RECT 87696, 28604, 87815, 30215
RECT 87755, 21207, 87815, 21982
RECT 87755, 20133, 87874, 20252
RECT 87815, 21386, 87874, 21744
RECT 87815, 28664, 87874, 30215
RECT 87874, 20133, 87934, 20193
RECT 87874, 28723, 87934, 30215
RECT 87934, 28783, 87993, 30215
RECT 87993, 28843, 88052, 30155
RECT 88052, 28902, 88112, 30096
RECT 88112, 28962, 88171, 29976
RECT 88171, 29081, 88231, 29857
RECT 88231, 29320, 88290, 29678
RECT 87815, 24190, 88409, 26158
RECT 88409, 24249, 88587, 26099
RECT 88587, 24309, 88646, 26039
RECT 88646, 24369, 88765, 25979
RECT 88765, 24428, 88825, 25920
RECT 88825, 24488, 88884, 25860
RECT 88884, 24548, 88943, 25800
RECT 88943, 24667, 89003, 25681
RECT 89003, 24786, 89062, 25562
RECT 89062, 24965, 89122, 25383
END


D Maple_leaf_v_1.1_x_1_y_-1
I 16
C 100
RECT 87280, 28485, 87458, 30215
RECT 87458, 28545, 87696, 30215
RECT 87696, 28604, 87815, 30215
RECT 87815, 28664, 87874, 30215
RECT 87874, 28723, 87934, 30215
RECT 87934, 28783, 87993, 30215
RECT 87993, 28843, 88052, 30155
RECT 88052, 28902, 88112, 30096
RECT 88112, 28962, 88171, 29976
RECT 88171, 29081, 88231, 29857
RECT 88231, 29320, 88290, 29678
END


D Maple_leaf_v_1.1_x_0_y_1, 5820, 10081, 13, 1
I 16
C 100
RECT 11611, 80623, 11789, 80921
RECT 11789, 80623, 11968, 80862
RECT 11968, 80623, 12086, 80802
RECT 12086, 80623, 12205, 80742
RECT 12205, 80623, 12265, 80683
RECT 12265, 81160, 12324, 81518
RECT 12324, 80981, 12383, 81757
RECT 12383, 80862, 12443, 81876
RECT 12443, 80742, 12502, 81936
RECT 12502, 80683, 12562, 81995
RECT 12562, 80623, 12621, 82055
RECT 12621, 80623, 12680, 82115
RECT 12680, 80623, 12740, 82174
RECT 12740, 80623, 12859, 82234
RECT 12859, 80623, 13096, 82294
RECT 13096, 80623, 13453, 82353
RECT 13453, 80623, 13690, 82294
RECT 13690, 80623, 13809, 82234
RECT 13809, 80623, 13868, 82174
RECT 13868, 80623, 13928, 82115
RECT 13928, 80623, 13987, 82055
RECT 13987, 80683, 14046, 81995
RECT 14046, 80742, 14106, 81936
RECT 14106, 80862, 14165, 81876
RECT 14165, 80981, 14225, 81757
RECT 14225, 81160, 14284, 81518
RECT 14343, 80623, 14403, 80802
RECT 14403, 80623, 14462, 81041
RECT 14462, 80623, 14522, 81160
RECT 14522, 80623, 14581, 81220
RECT 14581, 80623, 14640, 81279
RECT 14640, 80623, 14700, 81339
RECT 14700, 80623, 14759, 81399
RECT 14759, 80623, 14878, 81458
RECT 14878, 80623, 14997, 81518
RECT 14997, 80623, 15175, 81578
RECT 15175, 80623, 15531, 81637
RECT 15531, 80623, 15710, 81578
RECT 15710, 80623, 15828, 81518
RECT 15828, 80623, 15947, 81458
RECT 15947, 80623, 16006, 81399
RECT 16006, 80623, 16066, 81339
RECT 16066, 80623, 16125, 81279
RECT 16125, 80623, 16185, 81220
RECT 16185, 80623, 16244, 81160
RECT 16244, 80623, 16303, 81041
RECT 16303, 80623, 16363, 80802
RECT 16779, 80623, 16838, 80683
RECT 16838, 80623, 16957, 80742
RECT 16957, 80623, 17076, 80802
RECT 17076, 80623, 17313, 80862
RECT 17313, 80623, 17432, 80921
END


D Maple_leaf_v_1.1_x_0_y_0, 5820, 10081, 13, 6
I 16
C 100
RECT 11611, 20670, 11671, 22460
RECT 11611, 23235, 11671, 24249
RECT 11611, 24548, 11671, 25800
RECT 11671, 20730, 11730, 22460
RECT 11671, 23355, 11730, 24130
RECT 11671, 24488, 11730, 25860
RECT 11611, 20133, 11789, 20431
RECT 11611, 28485, 11789, 30215
RECT 11730, 20730, 11789, 22400
RECT 11730, 23533, 11789, 23951
RECT 11730, 24428, 11789, 25920
RECT 11789, 20789, 11849, 22340
RECT 11789, 24369, 11908, 25979
RECT 11849, 20849, 11908, 22281
RECT 11849, 22818, 11908, 23235
RECT 11789, 20133, 11968, 20372
RECT 11908, 20909, 11968, 22221
RECT 11908, 22639, 11968, 23414
RECT 11789, 28545, 12027, 30215
RECT 11908, 24309, 12027, 26039
RECT 11968, 20968, 12027, 22161
RECT 11968, 22519, 12027, 23533
RECT 11968, 20133, 12086, 20312
RECT 12027, 21088, 12086, 22102
RECT 12027, 22400, 12086, 23593
RECT 12027, 24249, 12146, 26099
RECT 12027, 28604, 12146, 30215
RECT 12086, 21207, 12146, 21982
RECT 12086, 22340, 12146, 23712
RECT 12086, 20133, 12205, 20252
RECT 12146, 21386, 12205, 21744
RECT 12146, 22281, 12205, 23772
RECT 12146, 28664, 12205, 30215
RECT 12205, 20133, 12265, 20193
RECT 12205, 22221, 12265, 23772
RECT 12205, 28723, 12265, 30215
RECT 12265, 20670, 12324, 21028
RECT 12265, 22161, 12324, 23832
RECT 12265, 28783, 12324, 30215
RECT 12324, 20491, 12383, 21267
RECT 12324, 22161, 12383, 23891
RECT 12324, 28843, 12383, 30155
RECT 12383, 20372, 12443, 21386
RECT 12383, 22102, 12443, 23891
RECT 12383, 28902, 12443, 30096
RECT 12443, 20252, 12502, 21446
RECT 12443, 22102, 12502, 23951
RECT 12443, 28962, 12502, 29976
RECT 12502, 20193, 12562, 21505
RECT 12502, 29081, 12562, 29857
RECT 12502, 22042, 12621, 23951
RECT 12562, 20133, 12621, 21565
RECT 12562, 29320, 12621, 29678
RECT 12621, 20133, 12680, 21625
RECT 12621, 30155, 12680, 30215
RECT 12146, 24190, 12740, 26158
RECT 12680, 20133, 12740, 21684
RECT 12680, 28604, 12740, 28962
RECT 12680, 30096, 12799, 30215
RECT 12740, 28366, 12799, 29141
RECT 12740, 20133, 12859, 21744
RECT 12799, 28246, 12859, 29260
RECT 12740, 24249, 12918, 26099
RECT 12799, 30036, 12918, 30215
RECT 12859, 28187, 12918, 29380
RECT 12918, 24309, 12977, 26039
RECT 12918, 28127, 12977, 29439
RECT 12977, 28067, 13037, 29499
RECT 12621, 22042, 13096, 24011
RECT 12859, 20133, 13096, 21804
RECT 12977, 24369, 13096, 25979
RECT 13037, 28008, 13096, 29559
RECT 12918, 29976, 13156, 30215
RECT 13096, 24428, 13156, 25920
RECT 13096, 26397, 13156, 26815
RECT 13096, 27948, 13156, 29618
RECT 13096, 22042, 13215, 23951
RECT 13156, 24488, 13215, 25860
RECT 13156, 26218, 13215, 26993
RECT 13156, 27888, 13215, 29618
RECT 13215, 22102, 13274, 23951
RECT 13215, 24548, 13274, 25800
RECT 13215, 26099, 13274, 27113
RECT 13215, 27888, 13274, 29678
RECT 13274, 22102, 13334, 23891
RECT 13274, 24667, 13334, 25681
RECT 13274, 26039, 13334, 27232
RECT 13274, 27829, 13334, 29678
RECT 13334, 22161, 13393, 23891
RECT 13334, 24786, 13393, 25562
RECT 13334, 25920, 13393, 27292
RECT 13096, 20133, 13453, 21863
RECT 13156, 29917, 13453, 30215
RECT 13334, 27829, 13453, 29738
RECT 13393, 22161, 13453, 23832
RECT 13393, 24965, 13453, 25383
RECT 13393, 25860, 13453, 27351
RECT 13453, 22221, 13512, 23772
RECT 13453, 25860, 13512, 27411
RECT 13453, 27769, 13571, 29738
RECT 13512, 22281, 13571, 23772
RECT 13512, 24249, 13571, 24667
RECT 13512, 25800, 13571, 27411
RECT 13453, 29976, 13631, 30215
RECT 13571, 22340, 13631, 23712
RECT 13571, 24070, 13631, 24846
RECT 13571, 25741, 13631, 27471
RECT 13453, 20133, 13690, 21804
RECT 13631, 22400, 13690, 23593
RECT 13631, 23951, 13690, 24965
RECT 13631, 25741, 13690, 27530
RECT 13631, 30036, 13750, 30215
RECT 13690, 22519, 13750, 23533
RECT 13690, 23832, 13750, 25025
RECT 13571, 27769, 13809, 29797
RECT 13690, 20133, 13809, 21744
RECT 13690, 25681, 13809, 27530
RECT 13750, 22639, 13809, 23414
RECT 13750, 23772, 13809, 25144
RECT 13750, 30096, 13868, 30215
RECT 13809, 20133, 13868, 21684
RECT 13809, 22818, 13868, 23235
RECT 13809, 23712, 13868, 25204
RECT 13809, 27769, 13928, 29738
RECT 13868, 20133, 13928, 21625
RECT 13868, 30155, 13928, 30215
RECT 13868, 23653, 13987, 25263
RECT 13928, 20133, 13987, 21565
RECT 13928, 27829, 14046, 29738
RECT 13987, 20193, 14046, 21505
RECT 13987, 23593, 14046, 25323
RECT 14046, 20252, 14106, 21446
RECT 14046, 23533, 14106, 25323
RECT 14046, 27829, 14106, 29678
RECT 14106, 20372, 14165, 21386
RECT 14106, 27888, 14165, 29678
RECT 14106, 23533, 14225, 25383
RECT 14165, 20491, 14225, 21267
RECT 14165, 27888, 14225, 29618
RECT 14225, 20670, 14284, 21028
RECT 14225, 27948, 14284, 29618
RECT 14284, 28008, 14343, 29559
RECT 13809, 25621, 14403, 27590
RECT 14343, 20133, 14403, 20312
RECT 14343, 28067, 14403, 29499
RECT 14343, 30036, 14403, 30215
RECT 14403, 20133, 14462, 20551
RECT 14403, 28127, 14462, 29439
RECT 14403, 29797, 14462, 30215
RECT 14403, 25681, 14522, 27530
RECT 14462, 20133, 14522, 20670
RECT 14462, 28187, 14522, 29380
RECT 14462, 29678, 14522, 30215
RECT 14522, 20133, 14581, 20730
RECT 14522, 25741, 14581, 27530
RECT 14522, 28246, 14581, 29260
RECT 14522, 29618, 14581, 30215
RECT 14581, 20133, 14640, 20789
RECT 14581, 25741, 14640, 27471
RECT 14581, 28366, 14640, 29141
RECT 14581, 29559, 14640, 30215
RECT 14640, 20133, 14700, 20849
RECT 14640, 25800, 14700, 27411
RECT 14640, 28604, 14700, 28962
RECT 14640, 29499, 14700, 30215
RECT 14700, 20133, 14759, 20909
RECT 14700, 25860, 14759, 27411
RECT 14700, 29439, 14759, 30215
RECT 14225, 23474, 14819, 25442
RECT 14759, 25860, 14819, 27351
RECT 14759, 27829, 14819, 28246
RECT 14759, 20133, 14878, 20968
RECT 14759, 29380, 14878, 30215
RECT 14819, 25920, 14878, 27292
RECT 14819, 27650, 14878, 28425
RECT 14819, 23533, 14937, 25383
RECT 14878, 26039, 14937, 27232
RECT 14878, 27530, 14937, 28545
RECT 14878, 20133, 14997, 21028
RECT 14878, 29320, 14997, 30215
RECT 14937, 23533, 14997, 25323
RECT 14937, 26099, 14997, 27113
RECT 14937, 27471, 14997, 28664
RECT 14997, 23593, 15056, 25323
RECT 14997, 26218, 15056, 26993
RECT 14997, 27411, 15056, 28723
RECT 15056, 26397, 15116, 26815
RECT 15056, 27351, 15116, 28783
RECT 14997, 20133, 15175, 21088
RECT 14997, 29260, 15175, 30215
RECT 15056, 23653, 15175, 25263
RECT 15116, 27292, 15175, 28843
RECT 15175, 23712, 15234, 25204
RECT 15175, 25681, 15234, 26099
RECT 15175, 27232, 15234, 28902
RECT 15234, 23772, 15294, 25144
RECT 15234, 25502, 15294, 26278
RECT 15234, 27172, 15294, 28902
RECT 15294, 23832, 15353, 25025
RECT 15294, 25383, 15353, 26397
RECT 15294, 27172, 15353, 28962
RECT 15353, 23951, 15413, 24965
RECT 15353, 25323, 15413, 26516
RECT 15353, 27113, 15413, 28962
RECT 15413, 24070, 15472, 24846
RECT 15413, 25204, 15472, 26576
RECT 15175, 20133, 15531, 21147
RECT 15175, 29201, 15531, 30215
RECT 15413, 27113, 15531, 29022
RECT 15472, 24249, 15531, 24667
RECT 15472, 25144, 15531, 26636
RECT 15531, 25085, 15650, 26695
RECT 15591, 23533, 15650, 23951
RECT 15531, 20133, 15710, 21088
RECT 15531, 27053, 15710, 29022
RECT 15531, 29260, 15710, 30215
RECT 15650, 23355, 15710, 24130
RECT 15650, 25025, 15710, 26755
RECT 15710, 23235, 15769, 24249
RECT 15710, 25025, 15769, 26815
RECT 15710, 20133, 15828, 21028
RECT 15710, 27053, 15828, 29081
RECT 15710, 29320, 15828, 30215
RECT 15769, 23116, 15828, 24309
RECT 15769, 24965, 15888, 26815
RECT 15828, 23056, 15888, 24428
RECT 15828, 20133, 15947, 20968
RECT 15828, 29380, 15947, 30215
RECT 15888, 22997, 15947, 24488
RECT 15828, 27053, 16006, 29022
RECT 15947, 20133, 16006, 20909
RECT 15947, 22937, 16006, 24488
RECT 15947, 29439, 16006, 30215
RECT 16006, 20133, 16066, 20849
RECT 16006, 21386, 16066, 21744
RECT 16006, 22937, 16066, 24548
RECT 16006, 29499, 16066, 30215
RECT 16006, 27113, 16125, 29022
RECT 16066, 20133, 16125, 20789
RECT 16066, 21207, 16125, 21982
RECT 16066, 22877, 16125, 24607
RECT 16066, 29559, 16125, 30215
RECT 16125, 20133, 16185, 20730
RECT 16125, 21088, 16185, 22102
RECT 16125, 22818, 16185, 24607
RECT 16125, 27113, 16185, 28962
RECT 16125, 29618, 16185, 30215
RECT 16185, 20133, 16244, 20670
RECT 16185, 20968, 16244, 22161
RECT 16185, 27172, 16244, 28962
RECT 16185, 29678, 16244, 30215
RECT 16185, 22818, 16303, 24667
RECT 16244, 20133, 16303, 20551
RECT 16244, 20909, 16303, 22221
RECT 16244, 27172, 16303, 28902
RECT 16244, 29797, 16303, 30215
RECT 16303, 20133, 16363, 20312
RECT 16303, 20849, 16363, 22281
RECT 16303, 27232, 16363, 28902
RECT 16303, 30036, 16363, 30215
RECT 16363, 20789, 16422, 22340
RECT 16363, 27292, 16422, 28843
RECT 15888, 24906, 16482, 26874
RECT 16422, 20730, 16482, 22400
RECT 16422, 27351, 16482, 28783
RECT 16422, 29320, 16482, 29678
RECT 16482, 20730, 16541, 22460
RECT 16482, 27411, 16541, 28723
RECT 16482, 29081, 16541, 29857
RECT 16482, 24965, 16600, 26815
RECT 16541, 20670, 16600, 22460
RECT 16541, 27471, 16600, 28664
RECT 16541, 28962, 16600, 29976
RECT 16600, 20670, 16660, 22519
RECT 16600, 25025, 16660, 26815
RECT 16600, 27530, 16660, 28545
RECT 16600, 28902, 16660, 30096
RECT 16660, 25025, 16719, 26755
RECT 16660, 27650, 16719, 28425
RECT 16660, 28843, 16719, 30155
RECT 16660, 20610, 16779, 22519
RECT 16719, 27829, 16779, 28246
RECT 16719, 28783, 16779, 30215
RECT 16719, 25085, 16838, 26695
RECT 16779, 20133, 16838, 20193
RECT 16779, 28723, 16838, 30215
RECT 16303, 22758, 16897, 24727
RECT 16779, 20610, 16897, 22579
RECT 16838, 25144, 16897, 26636
RECT 16838, 28664, 16897, 30215
RECT 16838, 20133, 16957, 20252
RECT 16897, 25204, 16957, 26576
RECT 16897, 22818, 17016, 24667
RECT 16897, 28604, 17016, 30215
RECT 16957, 25323, 17016, 26516
RECT 16957, 20133, 17076, 20312
RECT 17016, 22818, 17076, 24607
RECT 17016, 25383, 17076, 26397
RECT 16897, 20551, 17135, 22579
RECT 17076, 22877, 17135, 24607
RECT 17076, 25502, 17135, 26278
RECT 17135, 22937, 17194, 24548
RECT 17135, 25681, 17194, 26099
RECT 17016, 28545, 17254, 30215
RECT 17135, 20610, 17254, 22579
RECT 17194, 22937, 17254, 24488
RECT 17076, 20133, 17313, 20372
RECT 17254, 22997, 17313, 24488
RECT 17254, 24965, 17313, 25383
RECT 17254, 20610, 17373, 22519
RECT 17313, 23056, 17373, 24428
RECT 17313, 24786, 17373, 25562
RECT 17254, 28485, 17432, 30215
RECT 17313, 20133, 17432, 20431
RECT 17373, 20670, 17432, 22519
RECT 17373, 23116, 17432, 24309
RECT 17373, 24667, 17432, 25681
END


D Maple_leaf_v_1.1_x_0_y_-1, 5820, 10081, 13, 1
I 16
C 100
RECT 11611, 18404, 11789, 20134
RECT 11789, 18464, 12027, 20134
RECT 12027, 18523, 12146, 20134
RECT 12146, 18583, 12205, 20134
RECT 12205, 18642, 12265, 20134
RECT 12265, 18702, 12324, 20134
RECT 12324, 18762, 12383, 20074
RECT 12383, 18821, 12443, 20015
RECT 12443, 18881, 12502, 19895
RECT 12502, 19000, 12562, 19776
RECT 12562, 19239, 12621, 19597
RECT 12621, 20074, 12680, 20134
RECT 12680, 20015, 12799, 20134
RECT 12799, 19955, 12918, 20134
RECT 12918, 19895, 13156, 20134
RECT 13156, 19836, 13453, 20134
RECT 13453, 19895, 13631, 20134
RECT 13631, 19955, 13750, 20134
RECT 13750, 20015, 13868, 20134
RECT 13868, 20074, 13928, 20134
RECT 14343, 19955, 14403, 20134
RECT 14403, 19716, 14462, 20134
RECT 14462, 19597, 14522, 20134
RECT 14522, 19537, 14581, 20134
RECT 14581, 19478, 14640, 20134
RECT 14640, 19418, 14700, 20134
RECT 14700, 19358, 14759, 20134
RECT 14759, 19299, 14878, 20134
RECT 14878, 19239, 14997, 20134
RECT 14997, 19179, 15175, 20134
RECT 15175, 19120, 15531, 20134
RECT 15531, 19179, 15710, 20134
RECT 15710, 19239, 15828, 20134
RECT 15828, 19299, 15947, 20134
RECT 15947, 19358, 16006, 20134
RECT 16006, 19418, 16066, 20134
RECT 16066, 19478, 16125, 20134
RECT 16125, 19537, 16185, 20134
RECT 16185, 19597, 16244, 20134
RECT 16244, 19716, 16303, 20134
RECT 16303, 19955, 16363, 20134
RECT 16422, 19239, 16482, 19597
RECT 16482, 19000, 16541, 19776
RECT 16541, 18881, 16600, 19895
RECT 16600, 18821, 16660, 20015
RECT 16660, 18762, 16719, 20074
RECT 16719, 18702, 16779, 20134
RECT 16779, 18642, 16838, 20134
RECT 16838, 18583, 16897, 20134
RECT 16897, 18523, 17016, 20134
RECT 17016, 18464, 17254, 20134
RECT 17254, 18404, 17432, 20134
END


D Maple_leaf_v_1.1_x_-1_y_1
I 16
C 100
RECT 10959, 90705, 11018, 90765
RECT 11018, 90705, 11137, 90824
RECT 11137, 90705, 11256, 90884
RECT 11256, 90705, 11493, 90944
RECT 11493, 90705, 11612, 91003
END


D Maple_leaf_v_1.1_x_-1_y_0, 5820, 10081, 1, 6
I 16
C 100
RECT 9771, 23533, 9830, 23951
RECT 9830, 23355, 9890, 24130
RECT 9890, 23235, 9949, 24249
RECT 9949, 23116, 10008, 24309
RECT 10008, 23056, 10068, 24428
RECT 10068, 22997, 10127, 24488
RECT 10127, 22937, 10186, 24488
RECT 10186, 21386, 10246, 21744
RECT 10186, 22937, 10246, 24548
RECT 10246, 21207, 10305, 21982
RECT 10246, 22877, 10305, 24607
RECT 10305, 21088, 10365, 22102
RECT 10305, 22818, 10365, 24607
RECT 10365, 20968, 10424, 22161
RECT 10365, 22818, 10483, 24667
RECT 10424, 20909, 10483, 22221
RECT 10483, 20849, 10543, 22281
RECT 10543, 20789, 10602, 22340
RECT 10602, 20730, 10662, 22400
RECT 10602, 29320, 10662, 29678
RECT 10662, 20730, 10721, 22460
RECT 10662, 29081, 10721, 29857
RECT 10721, 20670, 10780, 22460
RECT 10721, 28962, 10780, 29976
RECT 10780, 20670, 10840, 22519
RECT 10780, 28902, 10840, 30096
RECT 10840, 28843, 10899, 30155
RECT 10840, 20610, 10959, 22519
RECT 10899, 28783, 10959, 30215
RECT 10959, 20133, 11018, 20193
RECT 10959, 28723, 11018, 30215
RECT 10483, 22758, 11077, 24727
RECT 10959, 20610, 11077, 22579
RECT 11018, 28664, 11077, 30215
RECT 11018, 20133, 11137, 20252
RECT 11077, 22818, 11196, 24667
RECT 11077, 28604, 11196, 30215
RECT 11137, 20133, 11256, 20312
RECT 11196, 22818, 11256, 24607
RECT 11077, 20551, 11315, 22579
RECT 11256, 22877, 11315, 24607
RECT 11315, 22937, 11374, 24548
RECT 11196, 28545, 11434, 30215
RECT 11315, 20610, 11434, 22579
RECT 11374, 22937, 11434, 24488
RECT 11256, 20133, 11493, 20372
RECT 11434, 22997, 11493, 24488
RECT 11434, 24965, 11493, 25383
RECT 11434, 20610, 11553, 22519
RECT 11493, 23056, 11553, 24428
RECT 11493, 24786, 11553, 25562
RECT 11434, 28485, 11612, 30215
RECT 11493, 20133, 11612, 20431
RECT 11553, 20670, 11612, 22519
RECT 11553, 23116, 11612, 24309
RECT 11553, 24667, 11612, 25681
END


D Maple_leaf_v_1.1_x_-1_y_-1
I 16
C 100
RECT 10602, 29320, 10662, 29678
RECT 10662, 29081, 10721, 29857
RECT 10721, 28962, 10780, 29976
RECT 10780, 28902, 10840, 30096
RECT 10840, 28843, 10899, 30155
RECT 10899, 28783, 10959, 30215
RECT 10959, 28723, 11018, 30215
RECT 11018, 28664, 11077, 30215
RECT 11077, 28604, 11196, 30215
RECT 11196, 28545, 11434, 30215
RECT 11434, 28485, 11612, 30215
END


