D kagome_v0.97_d1800_x_1_y_1
I 2
C 200
RECT 101231, 108833, 101900, 109505
RECT 101231, 109505, 101528, 109729
RECT 101900, 108833, 102048, 109281
RECT 101528, 109505, 101677, 109654
RECT 102048, 108833, 102122, 109131
RECT 101677, 109505, 101751, 109579
RECT 101900, 109281, 101974, 109355
END


D kagome_v0.97_d1800_x_1_y_0, 3492, 6048, 1, 16
I 2
C 200
RECT 101454, 6832, 102717, 8251
RECT 101231, 8251, 101900, 9670
RECT 101231, 6011, 101900, 6832
RECT 101231, 11387, 101900, 12059
RECT 102717, 7131, 102940, 7952
RECT 101231, 7205, 101454, 7877
RECT 101900, 8549, 102048, 9446
RECT 101900, 6683, 102494, 6832
RECT 101231, 9670, 101602, 9894
RECT 101900, 8251, 102420, 8400
RECT 101231, 11163, 101528, 11387
RECT 101900, 6011, 102048, 6459
RECT 101900, 11611, 102048, 12059
RECT 102048, 8773, 102122, 9296
RECT 102940, 7280, 103014, 7728
RECT 101379, 6832, 101454, 7205
RECT 101900, 6608, 102271, 6683
RECT 101305, 7877, 101454, 8027
RECT 101528, 11238, 101677, 11387
RECT 101602, 9670, 101751, 9819
RECT 102048, 6011, 102122, 6309
RECT 102048, 11760, 102122, 12059
RECT 102717, 6981, 102865, 7131
RECT 101231, 8176, 101454, 8251
RECT 102717, 7952, 102791, 8176
RECT 101231, 6832, 101379, 6907
RECT 101305, 7056, 101379, 7205
RECT 101900, 9446, 101974, 9595
RECT 102420, 8251, 102568, 8325
RECT 102494, 6757, 102643, 6832
RECT 101231, 8101, 101305, 8176
RECT 101231, 9894, 101305, 9968
RECT 101379, 8027, 101454, 8101
RECT 101677, 11312, 101751, 11387
RECT 101751, 9670, 101825, 9744
RECT 101900, 6459, 101974, 6533
RECT 101900, 8475, 101974, 8549
RECT 101900, 11536, 101974, 11611
RECT 102717, 6907, 102791, 6981
RECT 102791, 7952, 102865, 8027
END


D kagome_v0.97_d1800_x_1_y_-1
I 2
C 200
RECT 101231, 11387, 101900, 12059
RECT 101231, 11163, 101528, 11387
RECT 101900, 11611, 102048, 12059
RECT 101528, 11238, 101677, 11387
RECT 102048, 11760, 102122, 12059
RECT 101677, 11312, 101751, 11387
RECT 101900, 11536, 101974, 11611
END


D kagome_v0.97_d1800_x_0_y_1, 3492, 6048, 28, 1
I 2
C 200
RECT 3455, 102784, 6947, 103082
RECT 4644, 103082, 5758, 103530
RECT 3455, 103082, 4124, 103456
RECT 6278, 103082, 6947, 103456
RECT 4941, 103530, 5461, 103680
RECT 3455, 103456, 3752, 103680
RECT 6501, 103456, 6947, 103605
RECT 4421, 103082, 4644, 103306
RECT 5758, 103082, 5981, 103306
RECT 3752, 103456, 3901, 103605
RECT 4124, 103082, 4272, 103232
RECT 6130, 103082, 6278, 103232
RECT 6650, 103605, 6947, 103680
RECT 4495, 103306, 4644, 103381
RECT 4792, 103530, 4941, 103605
RECT 5461, 103530, 5609, 103605
RECT 5758, 103306, 5832, 103456
RECT 3901, 103456, 3975, 103530
RECT 4124, 103232, 4198, 103306
RECT 4346, 103082, 4421, 103157
RECT 4569, 103381, 4644, 103456
RECT 5832, 103306, 5907, 103381
RECT 5981, 103082, 6055, 103157
RECT 6204, 103232, 6278, 103306
RECT 6427, 103456, 6501, 103530
END


D kagome_v0.97_d1800_x_0_y_0, 3492, 6048, 28, 16
I 2
C 200
RECT 3678, 6683, 5015, 8400
RECT 5387, 9670, 6724, 11387
RECT 3455, 8773, 6947, 9296
RECT 3455, 6011, 6947, 6309
RECT 3455, 11760, 6947, 12059
RECT 4495, 8400, 5907, 8773
RECT 4495, 9296, 5907, 9670
RECT 4569, 6309, 5832, 6683
RECT 4569, 11387, 5832, 11760
RECT 3455, 9296, 3975, 9819
RECT 6427, 8251, 6947, 8773
RECT 3455, 6309, 4124, 6683
RECT 3455, 8400, 4124, 8773
RECT 3455, 11387, 4124, 11760
RECT 6278, 6309, 6947, 6683
RECT 6278, 9296, 6947, 9670
RECT 6278, 11387, 6947, 11760
RECT 3455, 7205, 3678, 7877
RECT 6724, 10192, 6947, 10864
RECT 5015, 7131, 5164, 7952
RECT 5238, 10118, 5387, 10939
RECT 4867, 9670, 5387, 9894
RECT 5015, 8176, 5535, 8400
RECT 4941, 11163, 5387, 11387
RECT 5015, 6683, 5461, 6907
RECT 3455, 11163, 3752, 11387
RECT 3975, 9296, 4198, 9595
RECT 6130, 8549, 6427, 8773
RECT 6501, 6683, 6947, 6832
RECT 3455, 6683, 3678, 6907
RECT 3455, 8176, 3678, 8400
RECT 6724, 9670, 6947, 9894
RECT 6724, 11163, 6947, 11387
RECT 4124, 8549, 4272, 8773
RECT 4421, 6309, 4569, 6533
RECT 4421, 11536, 4569, 11760
RECT 5164, 7280, 5238, 7728
RECT 5164, 10342, 5238, 10790
RECT 5832, 6309, 5981, 6533
RECT 5832, 11536, 5981, 11760
RECT 6130, 9296, 6278, 9520
RECT 3455, 9819, 3826, 9894
RECT 4124, 6608, 4495, 6683
RECT 5907, 11387, 6278, 11462
RECT 6575, 8176, 6947, 8251
RECT 3529, 7056, 3678, 7205
RECT 3529, 7877, 3678, 8027
RECT 3752, 11238, 3901, 11387
RECT 4124, 6309, 4272, 6459
RECT 4124, 11611, 4272, 11760
RECT 4346, 8624, 4495, 8773
RECT 4346, 9296, 4495, 9446
RECT 4569, 9670, 4867, 9744
RECT 4644, 11312, 4941, 11387
RECT 5461, 6683, 5609, 6832
RECT 5535, 8251, 5684, 8400
RECT 5907, 8624, 6055, 8773
RECT 5907, 9296, 6055, 9446
RECT 6130, 6309, 6278, 6459
RECT 6130, 11611, 6278, 11760
RECT 6278, 8400, 6427, 8549
RECT 6650, 6832, 6947, 6907
RECT 6724, 10043, 6873, 10192
RECT 6724, 10864, 6798, 11163
RECT 5089, 8101, 5312, 8176
RECT 5089, 9894, 5312, 9968
RECT 3603, 6907, 3678, 7056
RECT 3975, 9595, 4049, 9744
RECT 4198, 9296, 4272, 9446
RECT 4718, 9744, 4867, 9819
RECT 4792, 11238, 4941, 11312
RECT 5015, 6981, 5089, 7131
RECT 5312, 10939, 5387, 11088
RECT 5609, 6683, 5758, 6757
RECT 5684, 8325, 5832, 8400
RECT 6798, 10864, 6873, 11014
RECT 3455, 8101, 3529, 8176
RECT 3455, 9894, 3529, 9968
RECT 3603, 8027, 3678, 8101
RECT 3901, 11312, 3975, 11387
RECT 4049, 9595, 4124, 9670
RECT 4124, 6459, 4198, 6533
RECT 4124, 8475, 4198, 8549
RECT 4124, 11536, 4198, 11611
RECT 4346, 6309, 4421, 6384
RECT 4346, 11686, 4421, 11760
RECT 4421, 8549, 4495, 8624
RECT 4421, 9446, 4495, 9520
RECT 4495, 6533, 4569, 6608
RECT 4495, 11462, 4569, 11536
RECT 5015, 7952, 5089, 8027
RECT 5312, 10043, 5387, 10118
RECT 5832, 6533, 5907, 6608
RECT 5832, 11462, 5907, 11536
RECT 5907, 8549, 5981, 8624
RECT 5907, 9446, 5981, 9520
RECT 5981, 6309, 6055, 6384
RECT 5981, 11686, 6055, 11760
RECT 6204, 6459, 6278, 6533
RECT 6204, 8475, 6278, 8549
RECT 6204, 9520, 6278, 9595
RECT 6204, 11536, 6278, 11611
RECT 6352, 8325, 6427, 8400
RECT 6427, 6683, 6501, 6757
RECT 6724, 9968, 6798, 10043
RECT 6873, 8101, 6947, 8176
RECT 6873, 9894, 6947, 9968
END


D kagome_v0.97_d1800_x_0_y_-1, 3492, 6048, 28, 1
I 2
C 200
RECT 3455, 5712, 6947, 6011
RECT 4644, 5264, 5758, 5712
RECT 3455, 5339, 4124, 5712
RECT 6278, 5339, 6947, 5712
RECT 4941, 5115, 5461, 5264
RECT 3455, 5115, 3752, 5339
RECT 6501, 5190, 6947, 5339
RECT 4421, 5488, 4644, 5712
RECT 5758, 5488, 5981, 5712
RECT 3752, 5190, 3901, 5339
RECT 4124, 5563, 4272, 5712
RECT 6130, 5563, 6278, 5712
RECT 6650, 5115, 6947, 5190
RECT 4495, 5414, 4644, 5488
RECT 4792, 5190, 4941, 5264
RECT 5461, 5190, 5609, 5264
RECT 5758, 5339, 5832, 5488
RECT 3901, 5264, 3975, 5339
RECT 4124, 5488, 4198, 5563
RECT 4346, 5638, 4421, 5712
RECT 4569, 5339, 4644, 5414
RECT 5832, 5414, 5907, 5488
RECT 5981, 5638, 6055, 5712
RECT 6204, 5488, 6278, 5563
RECT 6427, 5264, 6501, 5339
END


D kagome_v0.97_d1800_x_-1_y_1
I 2
C 200
RECT 2786, 108833, 3455, 109505
RECT 2563, 108833, 2786, 109131
RECT 3009, 109505, 3455, 109654
RECT 2638, 109131, 2786, 109281
RECT 3158, 109654, 3455, 109729
RECT 2712, 109281, 2786, 109355
RECT 2935, 109505, 3009, 109579
END


D kagome_v0.97_d1800_x_-1_y_0, 3492, 6048, 1, 16
I 2
C 200
RECT 1969, 9819, 3232, 11238
RECT 2786, 8400, 3455, 9819
RECT 2786, 11238, 3455, 12059
RECT 2786, 6011, 3455, 6683
RECT 1746, 10118, 1969, 10939
RECT 3232, 10192, 3455, 10864
RECT 2638, 8549, 2786, 9520
RECT 2192, 11238, 2786, 11387
RECT 3083, 8176, 3455, 8400
RECT 2266, 9670, 2786, 9819
RECT 2563, 6011, 2786, 6309
RECT 2563, 11760, 2786, 12059
RECT 3009, 6683, 3455, 6832
RECT 2563, 8773, 2638, 9296
RECT 1672, 10342, 1746, 10790
RECT 2415, 11387, 2786, 11462
RECT 3232, 10864, 3306, 11238
RECT 1820, 10939, 1969, 11088
RECT 2638, 6309, 2786, 6459
RECT 2638, 11611, 2786, 11760
RECT 2935, 8251, 3083, 8400
RECT 3158, 6832, 3455, 6907
RECT 3232, 10043, 3381, 10192
RECT 1895, 9894, 1969, 10118
RECT 3232, 9819, 3455, 9894
RECT 2043, 11238, 2192, 11312
RECT 2117, 9744, 2266, 9819
RECT 3306, 10864, 3381, 11014
RECT 3306, 11163, 3455, 11238
RECT 1820, 10043, 1895, 10118
RECT 1895, 11088, 1969, 11163
RECT 2712, 6459, 2786, 6533
RECT 2712, 8475, 2786, 8549
RECT 2712, 9520, 2786, 9595
RECT 2712, 11536, 2786, 11611
RECT 2860, 8325, 2935, 8400
RECT 2935, 6683, 3009, 6757
RECT 3232, 9968, 3306, 10043
RECT 3381, 8101, 3455, 8176
RECT 3381, 9894, 3455, 9968
END


D kagome_v0.97_d1800_x_-1_y_-1
I 2
C 200
RECT 2786, 11387, 3455, 12059
RECT 2563, 11760, 2786, 12059
RECT 3009, 11238, 3455, 11387
RECT 2638, 11611, 2786, 11760
RECT 3158, 11163, 3455, 11238
RECT 2712, 11536, 2786, 11611
RECT 2935, 11312, 3009, 11387
END





D kagome_v0.97_d2100_x_1_y_1
I 2
C 200
RECT 101813, 112865, 102554, 113608
RECT 101813, 113608, 102331, 113830
RECT 102554, 112865, 102776, 113385
RECT 101813, 113830, 102109, 113905
RECT 102776, 112865, 102850, 113162
RECT 102331, 113608, 102406, 113756
RECT 102554, 113385, 102628, 113533
RECT 102406, 113608, 102480, 113682
RECT 102628, 113385, 102702, 113459
END


D kagome_v0.97_d2100_x_1_y_0, 4074, 7056, 1, 14
I 2
C 200
RECT 102035, 7910, 103443, 9693
RECT 101813, 9693, 102628, 11253
RECT 101813, 7019, 102554, 7910
RECT 101813, 13332, 102554, 14075
RECT 103443, 8207, 103739, 9396
RECT 101813, 8430, 102035, 9173
RECT 102628, 10213, 102850, 10881
RECT 101813, 11253, 102257, 11550
RECT 101813, 13110, 102331, 13332
RECT 102554, 7019, 102776, 7539
RECT 102554, 13555, 102776, 14075
RECT 102554, 7762, 103220, 7910
RECT 103739, 8504, 103887, 9024
RECT 102628, 9693, 103072, 9841
RECT 101813, 7910, 102035, 8059
RECT 101813, 9470, 101961, 9693
RECT 102257, 11253, 102480, 11401
RECT 103443, 7984, 103591, 8207
RECT 101813, 13035, 102109, 13110
RECT 101887, 8282, 102035, 8430
RECT 101887, 9173, 102035, 9321
RECT 102628, 9916, 102702, 10213
RECT 102628, 10881, 102702, 11178
RECT 102776, 7019, 102850, 7316
RECT 102776, 13778, 102850, 14075
RECT 103443, 9396, 103591, 9544
RECT 103072, 9693, 103294, 9767
RECT 103739, 9024, 103813, 9247
RECT 101813, 11550, 101961, 11624
RECT 101961, 8133, 102035, 8282
RECT 101961, 9544, 102035, 9693
RECT 102331, 13184, 102406, 13332
RECT 102554, 7539, 102628, 7687
RECT 102554, 13407, 102628, 13555
RECT 102702, 10064, 102776, 10213
RECT 102702, 10881, 102776, 11030
RECT 103220, 7836, 103368, 7910
RECT 103739, 8356, 103813, 8504
RECT 101961, 9321, 102035, 9396
RECT 102257, 11401, 102331, 11476
RECT 102406, 13258, 102480, 13332
RECT 102480, 11253, 102554, 11327
RECT 102628, 7539, 102702, 7613
RECT 102628, 13481, 102702, 13555
RECT 103443, 9544, 103517, 9619
RECT 103591, 8133, 103665, 8207
RECT 103591, 9396, 103665, 9470
END


D kagome_v0.97_d2100_x_1_y_-1
I 2
C 200
RECT 101813, 13332, 102554, 14075
RECT 101813, 13110, 102331, 13332
RECT 102554, 13555, 102776, 14075
RECT 101813, 13035, 102109, 13110
RECT 102776, 13778, 102850, 14075
RECT 102331, 13184, 102406, 13332
RECT 102554, 13407, 102628, 13555
RECT 102406, 13258, 102480, 13332
RECT 102628, 13481, 102702, 13555
END


D kagome_v0.97_d2100_x_0_y_1, 4074, 7056, 24, 1
I 2
C 200
RECT 4037, 105809, 8037, 106106
RECT 5444, 106106, 6704, 106700
RECT 4037, 106106, 4630, 106700
RECT 7444, 106106, 8037, 106626
RECT 5741, 106700, 6407, 106849
RECT 4630, 106106, 4926, 106403
RECT 5148, 106106, 5444, 106403
RECT 6704, 106106, 7000, 106403
RECT 7148, 106106, 7444, 106329
RECT 7592, 106626, 8037, 106774
RECT 4037, 106700, 4333, 106849
RECT 4630, 106403, 4778, 106552
RECT 5296, 106403, 5444, 106552
RECT 6704, 106403, 6852, 106552
RECT 7296, 106329, 7444, 106477
RECT 4333, 106700, 4555, 106774
RECT 4926, 106106, 5000, 106329
RECT 7815, 106774, 8037, 106849
RECT 5074, 106106, 5148, 106255
RECT 5592, 106700, 5741, 106774
RECT 6407, 106700, 6555, 106774
RECT 7000, 106106, 7074, 106255
RECT 4630, 106552, 4704, 106626
RECT 4778, 106403, 4852, 106477
RECT 5222, 106403, 5296, 106477
RECT 5370, 106552, 5444, 106626
RECT 6704, 106552, 6778, 106626
RECT 6852, 106403, 6926, 106477
RECT 7222, 106329, 7296, 106403
RECT 7370, 106477, 7444, 106552
RECT 7518, 106626, 7592, 106700
END


D kagome_v0.97_d2100_x_0_y_0, 4074, 7056, 24, 14
I 2
C 200
RECT 4259, 7762, 5815, 9841
RECT 6333, 11253, 7889, 13332
RECT 4037, 10213, 8037, 10881
RECT 4037, 7019, 8037, 7316
RECT 4037, 13778, 8037, 14075
RECT 5296, 7316, 6852, 7762
RECT 5296, 13332, 6852, 13778
RECT 5296, 9841, 6852, 10213
RECT 5296, 10881, 6852, 11253
RECT 4037, 13184, 4630, 13778
RECT 4037, 10881, 4704, 11401
RECT 4037, 7316, 4778, 7762
RECT 7444, 7316, 8037, 7836
RECT 7444, 9693, 8037, 10213
RECT 4037, 9841, 4852, 10213
RECT 7370, 13332, 8037, 13778
RECT 7296, 10881, 8037, 11253
RECT 5667, 11253, 6333, 11550
RECT 5815, 8356, 6037, 9247
RECT 5815, 9544, 6481, 9841
RECT 6111, 11847, 6333, 12738
RECT 5741, 13035, 6333, 13332
RECT 5815, 7762, 6407, 8059
RECT 4037, 8430, 4259, 9173
RECT 7889, 11773, 8037, 12813
RECT 4630, 13481, 4926, 13778
RECT 4037, 7762, 4259, 8059
RECT 4037, 9544, 4259, 9841
RECT 4037, 11401, 4481, 11550
RECT 4704, 10881, 4926, 11178
RECT 7148, 7316, 7444, 7539
RECT 7222, 9916, 7444, 10213
RECT 7592, 7836, 8037, 7984
RECT 7667, 9544, 8037, 9693
RECT 4778, 7316, 5000, 7539
RECT 7148, 13555, 7370, 13778
RECT 4037, 13035, 4333, 13184
RECT 5148, 7316, 5296, 7613
RECT 5148, 13481, 5296, 13778
RECT 5444, 13184, 5741, 13332
RECT 6407, 7762, 6704, 7910
RECT 6852, 7316, 7000, 7613
RECT 6852, 13481, 7000, 13778
RECT 7889, 11253, 8037, 11550
RECT 7889, 13035, 8037, 13332
RECT 6037, 8504, 6111, 9024
RECT 6037, 12070, 6111, 12590
RECT 5148, 9990, 5296, 10213
RECT 5148, 10881, 5296, 11104
RECT 5444, 11253, 5667, 11401
RECT 6481, 9619, 6630, 9841
RECT 6852, 9990, 7000, 10213
RECT 6852, 10881, 7000, 11104
RECT 4111, 8282, 4259, 8430
RECT 4111, 9173, 4259, 9321
RECT 4630, 13332, 4778, 13481
RECT 4852, 9916, 4926, 10213
RECT 5815, 8207, 5963, 8356
RECT 5815, 9247, 5963, 9396
RECT 6185, 11698, 6333, 11847
RECT 6185, 12738, 6333, 12887
RECT 7148, 10881, 7296, 11030
RECT 7296, 7539, 7444, 7687
RECT 4333, 13110, 4555, 13184
RECT 4926, 13555, 5000, 13778
RECT 5963, 9470, 6185, 9544
RECT 5963, 11550, 6185, 11624
RECT 6630, 9767, 6852, 9841
RECT 7815, 7984, 8037, 8059
RECT 4037, 9470, 4185, 9544
RECT 4037, 11550, 4185, 11624
RECT 4185, 8133, 4259, 8282
RECT 4704, 11178, 4778, 11327
RECT 4778, 7539, 4852, 7687
RECT 4926, 10064, 5000, 10213
RECT 4926, 10881, 5000, 11030
RECT 5074, 7316, 5148, 7465
RECT 5074, 13630, 5148, 13778
RECT 5296, 11253, 5444, 11327
RECT 5518, 11401, 5667, 11476
RECT 5592, 13110, 5741, 13184
RECT 6407, 7910, 6555, 7984
RECT 7000, 7316, 7074, 7465
RECT 7000, 13630, 7074, 13778
RECT 7148, 10064, 7222, 10213
RECT 7222, 11030, 7296, 11178
RECT 7222, 13481, 7370, 13555
RECT 7296, 9841, 7444, 9916
RECT 7889, 12813, 7963, 12961
RECT 4185, 9321, 4259, 9396
RECT 4481, 11401, 4555, 11476
RECT 4630, 13258, 4704, 13332
RECT 4778, 11178, 4852, 11253
RECT 4778, 13407, 4852, 13481
RECT 4852, 7539, 4926, 7613
RECT 5074, 10139, 5148, 10213
RECT 5074, 10881, 5148, 10956
RECT 5222, 7613, 5296, 7687
RECT 5222, 9916, 5296, 9990
RECT 5222, 11104, 5296, 11178
RECT 5222, 13407, 5296, 13481
RECT 5370, 13258, 5444, 13332
RECT 5815, 8133, 5889, 8207
RECT 5815, 9396, 5889, 9470
RECT 6259, 11624, 6333, 11698
RECT 6259, 12887, 6333, 12961
RECT 6630, 9693, 6704, 9767
RECT 6704, 7762, 6778, 7836
RECT 6852, 7613, 6926, 7687
RECT 6852, 9916, 6926, 9990
RECT 6852, 11104, 6926, 11178
RECT 6852, 13407, 6926, 13481
RECT 7000, 10139, 7074, 10213
RECT 7000, 10881, 7074, 10956
RECT 7222, 7539, 7296, 7613
RECT 7296, 13407, 7370, 13481
RECT 7370, 7687, 7444, 7762
RECT 7370, 9767, 7444, 9841
RECT 7518, 7836, 7592, 7910
RECT 7592, 9619, 7667, 9693
RECT 7889, 11698, 7963, 11773
RECT 7963, 9470, 8037, 9544
RECT 7963, 11550, 8037, 11624
END


D kagome_v0.97_d2100_x_0_y_-1, 4074, 7056, 24, 1
I 2
C 200
RECT 4037, 6722, 8037, 7019
RECT 5444, 6128, 6704, 6722
RECT 4037, 6128, 4630, 6722
RECT 7444, 6202, 8037, 6722
RECT 5741, 5979, 6407, 6128
RECT 4630, 6425, 4926, 6722
RECT 5148, 6425, 5444, 6722
RECT 6704, 6425, 7000, 6722
RECT 7148, 6499, 7444, 6722
RECT 7592, 6054, 8037, 6202
RECT 4037, 5979, 4333, 6128
RECT 4630, 6276, 4778, 6425
RECT 5296, 6276, 5444, 6425
RECT 6704, 6276, 6852, 6425
RECT 7296, 6351, 7444, 6499
RECT 4333, 6054, 4555, 6128
RECT 4926, 6499, 5000, 6722
RECT 7815, 5979, 8037, 6054
RECT 5074, 6574, 5148, 6722
RECT 5592, 6054, 5741, 6128
RECT 6407, 6054, 6555, 6128
RECT 7000, 6574, 7074, 6722
RECT 4630, 6202, 4704, 6276
RECT 4778, 6351, 4852, 6425
RECT 5222, 6351, 5296, 6425
RECT 5370, 6202, 5444, 6276
RECT 6704, 6202, 6778, 6276
RECT 6852, 6351, 6926, 6425
RECT 7222, 6425, 7296, 6499
RECT 7370, 6276, 7444, 6351
RECT 7518, 6128, 7592, 6202
END


D kagome_v0.97_d2100_x_-1_y_1
I 2
C 200
RECT 3222, 112865, 3963, 113533
RECT 3518, 113533, 3963, 113830
RECT 3074, 112865, 3222, 113385
RECT 3000, 112865, 3074, 113162
RECT 3370, 113533, 3518, 113682
RECT 3741, 113830, 3963, 113905
RECT 3148, 113385, 3222, 113459
RECT 3296, 113533, 3370, 113608
RECT 3444, 113682, 3518, 113756
END


D kagome_v0.97_d2100_x_-1_y_0, 4074, 7056, 1, 14
I 2
C 200
RECT 2407, 11401, 3815, 13184
RECT 3222, 9841, 3963, 11401
RECT 3296, 13184, 3963, 14075
RECT 3222, 7019, 3963, 7687
RECT 2111, 11698, 2407, 12887
RECT 3815, 11773, 3963, 12813
RECT 3000, 10213, 3222, 10881
RECT 3518, 7687, 3963, 7984
RECT 3074, 13555, 3296, 14075
RECT 3593, 9544, 3963, 9841
RECT 2630, 13184, 3296, 13332
RECT 1963, 12070, 2111, 12590
RECT 3074, 7019, 3222, 7539
RECT 2778, 11253, 3222, 11401
RECT 2259, 12887, 2407, 13110
RECT 3370, 9693, 3593, 9841
RECT 2259, 11550, 2407, 11698
RECT 3000, 7019, 3074, 7316
RECT 3000, 13778, 3074, 14075
RECT 3074, 10064, 3222, 10213
RECT 3074, 10881, 3222, 11030
RECT 3370, 7687, 3518, 7836
RECT 3815, 11401, 3963, 11550
RECT 3815, 13035, 3963, 13184
RECT 2037, 11847, 2111, 12070
RECT 2556, 11327, 2778, 11401
RECT 3741, 7984, 3963, 8059
RECT 2037, 12590, 2111, 12738
RECT 2481, 13184, 2630, 13258
RECT 3148, 9916, 3222, 10064
RECT 3148, 11030, 3222, 11178
RECT 3148, 13481, 3296, 13555
RECT 3815, 12813, 3889, 12961
RECT 2185, 11624, 2259, 11698
RECT 2185, 12887, 2259, 12961
RECT 2333, 11476, 2407, 11550
RECT 3148, 7539, 3222, 7613
RECT 3222, 13407, 3296, 13481
RECT 3296, 7687, 3370, 7762
RECT 3296, 9767, 3370, 9841
RECT 3444, 7836, 3518, 7910
RECT 3518, 9619, 3593, 9693
RECT 3815, 11698, 3889, 11773
RECT 3889, 9470, 3963, 9544
RECT 3889, 11550, 3963, 11624
END


D kagome_v0.97_d2100_x_-1_y_-1
I 2
C 200
RECT 3222, 13407, 3963, 14075
RECT 3518, 13110, 3963, 13407
RECT 3074, 13555, 3222, 14075
RECT 3000, 13778, 3074, 14075
RECT 3370, 13258, 3518, 13407
RECT 3741, 13035, 3963, 13110
RECT 3148, 13481, 3222, 13555
RECT 3296, 13332, 3370, 13407
RECT 3444, 13184, 3518, 13258
END





D kagome_v1.02_d1800_x_1_y_1
I 2
C 200
RECT 102779, 108085, 103378, 108758
RECT 103378, 108085, 103603, 108534
RECT 102779, 108758, 103228, 108908
RECT 102779, 108908, 103003, 108982
RECT 103603, 108085, 103678, 108309
RECT 103378, 108534, 103453, 108683
RECT 103228, 108758, 103303, 108833
RECT 103453, 108534, 103528, 108608
END


D kagome_v1.02_d1800_x_1_y_0, 3672, 6360, 1, 15
I 2
C 200
RECT 102779, 8867, 103453, 10139
RECT 102779, 6323, 103378, 6996
RECT 102779, 12009, 103378, 12683
RECT 103453, 9091, 103603, 9914
RECT 103378, 6323, 103603, 6772
RECT 103378, 12234, 103603, 12683
RECT 102779, 8642, 103153, 8867
RECT 102779, 10139, 103153, 10363
RECT 102779, 6996, 103228, 7146
RECT 102779, 11785, 103078, 12009
RECT 103603, 9241, 103678, 9765
RECT 103078, 11860, 103228, 12009
RECT 103153, 8717, 103303, 8867
RECT 103153, 10139, 103303, 10288
RECT 102779, 7146, 103003, 7220
RECT 103603, 6323, 103678, 6547
RECT 103603, 12458, 103678, 12683
RECT 103378, 6772, 103453, 6921
RECT 103378, 12084, 103453, 12234
RECT 103453, 8941, 103528, 9091
RECT 103453, 9914, 103528, 10064
RECT 102779, 8567, 102853, 8642
RECT 102779, 10363, 102853, 10438
RECT 103228, 6996, 103303, 7071
RECT 103228, 11934, 103303, 12009
RECT 103303, 8792, 103378, 8867
RECT 103303, 10139, 103378, 10213
RECT 103453, 6772, 103528, 6846
RECT 103453, 12159, 103528, 12234
END


D kagome_v1.02_d1800_x_1_y_-1
I 2
C 200
RECT 102779, 12009, 103378, 12683
RECT 103378, 12234, 103603, 12683
RECT 102779, 11785, 103078, 12009
RECT 103078, 11860, 103228, 12009
RECT 103603, 12458, 103678, 12683
RECT 103378, 12084, 103453, 12234
RECT 103228, 11934, 103303, 12009
RECT 103453, 12159, 103528, 12234
END


D kagome_v1.02_d1800_x_0_y_1, 3672, 6360, 27, 1
I 2
C 200
RECT 4834, 101724, 6108, 102397
RECT 3635, 101724, 4234, 102397
RECT 6632, 101724, 7307, 102322
RECT 5058, 102397, 5883, 102547
RECT 4234, 101724, 4459, 102173
RECT 6857, 102322, 7307, 102547
RECT 4609, 101724, 4834, 102098
RECT 6108, 101724, 6332, 102098
RECT 3635, 102397, 4084, 102547
RECT 6482, 101724, 6632, 102173
RECT 5208, 102547, 5733, 102621
RECT 4684, 102098, 4834, 102247
RECT 6108, 102098, 6257, 102247
RECT 7007, 102547, 7307, 102621
RECT 3635, 102547, 3859, 102621
RECT 4459, 101724, 4534, 101948
RECT 6407, 101724, 6482, 101948
RECT 4234, 102173, 4309, 102322
RECT 4908, 102397, 5058, 102472
RECT 5883, 102397, 6033, 102472
RECT 6707, 102322, 6857, 102397
RECT 4084, 102397, 4159, 102472
RECT 4309, 102173, 4384, 102247
RECT 4759, 102247, 4834, 102322
RECT 6108, 102247, 6182, 102322
RECT 6557, 102173, 6632, 102247
RECT 6782, 102397, 6857, 102472
END


D kagome_v1.02_d1800_x_0_y_0, 3672, 6360, 27, 15
I 2
C 200
RECT 3934, 7295, 5208, 8567
RECT 4834, 8867, 6108, 10139
RECT 5733, 10438, 7007, 11710
RECT 3635, 8867, 4309, 10139
RECT 4834, 6323, 6108, 6996
RECT 4834, 12009, 6108, 12683
RECT 6632, 8867, 7307, 10139
RECT 3635, 6323, 4234, 6996
RECT 3635, 12009, 4234, 12683
RECT 6632, 6323, 7307, 6921
RECT 6632, 12084, 7307, 12683
RECT 3709, 7520, 3934, 8343
RECT 4159, 7071, 4983, 7295
RECT 5958, 11710, 6782, 11934
RECT 7007, 10662, 7232, 11485
RECT 4609, 9166, 4834, 9839
RECT 5133, 8642, 5808, 8867
RECT 5133, 10139, 5808, 10363
RECT 6108, 9166, 6332, 9839
RECT 4084, 8567, 5058, 8717
RECT 5208, 7445, 5358, 8418
RECT 5583, 10588, 5733, 11560
RECT 5883, 10288, 6857, 10438
RECT 4309, 9091, 4459, 9914
RECT 5058, 6996, 5883, 7146
RECT 5058, 11860, 5883, 12009
RECT 6482, 9091, 6632, 9914
RECT 4234, 6323, 4459, 6772
RECT 4234, 12234, 4459, 12683
RECT 6857, 6921, 7307, 7146
RECT 6857, 11860, 7307, 12084
RECT 3635, 8642, 4009, 8867
RECT 3635, 10139, 4009, 10363
RECT 4609, 6323, 4834, 6697
RECT 4609, 12309, 4834, 12683
RECT 6108, 6323, 6332, 6697
RECT 6108, 12309, 6332, 12683
RECT 6932, 8642, 7307, 8867
RECT 6932, 10139, 7307, 10363
RECT 3635, 6996, 4084, 7146
RECT 3635, 11785, 3934, 12009
RECT 6482, 6323, 6632, 6772
RECT 6482, 12234, 6632, 12683
RECT 4234, 8717, 4834, 8792
RECT 5358, 7595, 5433, 8193
RECT 5508, 10812, 5583, 11411
RECT 6108, 10213, 6707, 10288
RECT 4459, 9241, 4534, 9765
RECT 5208, 7146, 5733, 7220
RECT 5208, 11785, 5733, 11860
RECT 6407, 9241, 6482, 9765
RECT 3635, 7744, 3709, 8118
RECT 4384, 6996, 4759, 7071
RECT 6182, 11934, 6557, 12009
RECT 7232, 10887, 7307, 11261
RECT 3784, 7370, 3934, 7520
RECT 3934, 11860, 4084, 12009
RECT 4009, 7146, 4159, 7295
RECT 4009, 8717, 4159, 8867
RECT 4009, 10139, 4159, 10288
RECT 4684, 6697, 4834, 6846
RECT 4684, 9016, 4834, 9166
RECT 4684, 9839, 4834, 9989
RECT 4684, 12159, 4834, 12309
RECT 4983, 8717, 5133, 8867
RECT 4983, 10139, 5133, 10288
RECT 5808, 8717, 5958, 8867
RECT 5808, 10139, 5958, 10288
RECT 6108, 6697, 6257, 6846
RECT 6108, 9016, 6257, 9166
RECT 6108, 9839, 6257, 9989
RECT 6108, 12159, 6257, 12309
RECT 6782, 8717, 6932, 8867
RECT 6782, 10139, 6932, 10288
RECT 6782, 11710, 6932, 11860
RECT 7007, 7146, 7307, 7220
RECT 7007, 11485, 7157, 11635
RECT 7007, 11785, 7307, 11860
RECT 3635, 7146, 3859, 7220
RECT 4459, 6323, 4534, 6547
RECT 4459, 12458, 4534, 12683
RECT 6407, 6323, 6482, 6547
RECT 6407, 12458, 6482, 12683
RECT 3784, 8343, 3934, 8418
RECT 4234, 6772, 4309, 6921
RECT 4234, 12084, 4309, 12234
RECT 4309, 8941, 4384, 9091
RECT 4309, 9914, 4384, 10064
RECT 4908, 6996, 5058, 7071
RECT 4908, 11934, 5058, 12009
RECT 4983, 7146, 5058, 7295
RECT 5808, 11710, 5958, 11785
RECT 5883, 6996, 6033, 7071
RECT 5883, 11934, 6033, 12009
RECT 6557, 8941, 6632, 9091
RECT 6557, 9914, 6632, 10064
RECT 6707, 6921, 6857, 6996
RECT 6707, 12009, 6857, 12084
RECT 7007, 10513, 7082, 10662
RECT 3635, 8567, 3709, 8642
RECT 3635, 10363, 3709, 10438
RECT 3859, 7295, 3934, 7370
RECT 3859, 8418, 3934, 8493
RECT 3934, 7220, 4009, 7295
RECT 4009, 8567, 4084, 8642
RECT 4084, 6996, 4159, 7071
RECT 4084, 11934, 4159, 12009
RECT 4159, 8792, 4234, 8867
RECT 4159, 10139, 4234, 10213
RECT 4309, 6772, 4384, 6846
RECT 4309, 12159, 4384, 12234
RECT 4534, 9465, 4609, 9540
RECT 4759, 6846, 4834, 6921
RECT 4759, 8941, 4834, 9016
RECT 4759, 9989, 4834, 10064
RECT 4759, 12084, 4834, 12159
RECT 4908, 8792, 4983, 8867
RECT 4908, 10139, 4983, 10213
RECT 5058, 7220, 5133, 7295
RECT 5058, 8567, 5133, 8642
RECT 5208, 7370, 5283, 7445
RECT 5208, 8418, 5283, 8493
RECT 5433, 8567, 5508, 8642
RECT 5433, 10363, 5508, 10438
RECT 5658, 10513, 5733, 10588
RECT 5658, 11560, 5733, 11635
RECT 5808, 10363, 5883, 10438
RECT 5883, 11785, 5958, 11860
RECT 5958, 8792, 6033, 8867
RECT 5958, 10139, 6033, 10213
RECT 6108, 6846, 6182, 6921
RECT 6108, 8941, 6182, 9016
RECT 6108, 9989, 6182, 10064
RECT 6108, 12084, 6182, 12159
RECT 6332, 9465, 6407, 9540
RECT 6557, 6772, 6632, 6846
RECT 6557, 12159, 6632, 12234
RECT 6707, 8792, 6782, 8867
RECT 6707, 10139, 6782, 10213
RECT 6782, 6996, 6857, 7071
RECT 6782, 11934, 6857, 12009
RECT 6857, 10363, 6932, 10438
RECT 6932, 11710, 7007, 11785
RECT 7007, 11635, 7082, 11710
RECT 7082, 10588, 7157, 10662
RECT 7232, 8567, 7307, 8642
RECT 7232, 10363, 7307, 10438
END


D kagome_v1.02_d1800_x_0_y_-1, 3672, 6360, 27, 1
I 2
C 200
RECT 4834, 5649, 6108, 6323
RECT 3635, 5649, 4234, 6323
RECT 6632, 5724, 7307, 6323
RECT 5058, 5500, 5883, 5649
RECT 4234, 5874, 4459, 6323
RECT 6857, 5500, 7307, 5724
RECT 4609, 5949, 4834, 6323
RECT 6108, 5949, 6332, 6323
RECT 3635, 5425, 3934, 5649
RECT 6482, 5874, 6632, 6323
RECT 5208, 5425, 5733, 5500
RECT 3934, 5500, 4084, 5649
RECT 4684, 5799, 4834, 5949
RECT 6108, 5799, 6257, 5949
RECT 7007, 5425, 7307, 5500
RECT 4459, 6098, 4534, 6323
RECT 6407, 6098, 6482, 6323
RECT 4234, 5724, 4309, 5874
RECT 4908, 5574, 5058, 5649
RECT 5883, 5574, 6033, 5649
RECT 6707, 5649, 6857, 5724
RECT 4084, 5574, 4159, 5649
RECT 4309, 5799, 4384, 5874
RECT 4759, 5724, 4834, 5799
RECT 6108, 5724, 6182, 5799
RECT 6557, 5799, 6632, 5874
RECT 6782, 5574, 6857, 5649
END


D kagome_v1.02_d1800_x_-1_y_1
I 2
C 200
RECT 2960, 108085, 3635, 108683
RECT 3185, 108683, 3635, 108908
RECT 2810, 108085, 2960, 108534
RECT 3335, 108908, 3635, 108982
RECT 2735, 108085, 2810, 108309
RECT 3035, 108683, 3185, 108758
RECT 2885, 108534, 2960, 108608
RECT 3110, 108758, 3185, 108833
END


D kagome_v1.02_d1800_x_-1_y_0, 3672, 6360, 1, 15
I 2
C 200
RECT 2960, 8867, 3635, 10139
RECT 2960, 6323, 3635, 6921
RECT 2960, 12084, 3635, 12683
RECT 2810, 9091, 2960, 9914
RECT 3185, 6921, 3635, 7146
RECT 3185, 11860, 3635, 12084
RECT 3260, 8642, 3635, 8867
RECT 3260, 10139, 3635, 10363
RECT 2810, 6323, 2960, 6772
RECT 2810, 12234, 2960, 12683
RECT 2735, 9241, 2810, 9765
RECT 3110, 8717, 3260, 8867
RECT 3110, 10139, 3260, 10288
RECT 3335, 7146, 3635, 7220
RECT 3335, 11785, 3635, 11860
RECT 2735, 6323, 2810, 6547
RECT 2735, 12458, 2810, 12683
RECT 2885, 8941, 2960, 9091
RECT 2885, 9914, 2960, 10064
RECT 3035, 6921, 3185, 6996
RECT 3035, 12009, 3185, 12084
RECT 2885, 6772, 2960, 6846
RECT 2885, 12159, 2960, 12234
RECT 3035, 8792, 3110, 8867
RECT 3035, 10139, 3110, 10213
RECT 3110, 6996, 3185, 7071
RECT 3110, 11934, 3185, 12009
RECT 3560, 8567, 3635, 8642
RECT 3560, 10363, 3635, 10438
END


D kagome_v1.02_d1800_x_-1_y_-1
I 2
C 200
RECT 2960, 12084, 3635, 12683
RECT 3185, 11860, 3635, 12084
RECT 2810, 12234, 2960, 12683
RECT 3335, 11785, 3635, 11860
RECT 2735, 12458, 2810, 12683
RECT 3035, 12009, 3185, 12084
RECT 2885, 12159, 2960, 12234
RECT 3110, 11934, 3185, 12009
END





D kagome_v1.02_d2100_x_1_y_1
I 2
C 200
RECT 102779, 111265, 103518, 112014
RECT 103518, 111265, 103739, 111789
RECT 102779, 112014, 103222, 112239
RECT 102779, 112239, 103075, 112314
RECT 103222, 112014, 103370, 112164
RECT 103739, 111265, 103813, 111564
RECT 103518, 111789, 103592, 111939
RECT 103370, 112014, 103444, 112089
RECT 103592, 111789, 103665, 111864
END


D kagome_v1.02_d2100_x_1_y_0, 4284, 7420, 1, 13
I 2
C 200
RECT 102779, 10306, 103518, 11880
RECT 102779, 7383, 103518, 8132
RECT 102779, 14053, 103518, 14803
RECT 103518, 10605, 103739, 11580
RECT 103518, 7383, 103739, 7907
RECT 103518, 14278, 103739, 14803
RECT 102779, 8132, 103222, 8357
RECT 102779, 13828, 103222, 14053
RECT 102779, 10081, 103148, 10306
RECT 102779, 11880, 103148, 12104
RECT 103739, 10755, 103813, 11430
RECT 102779, 8357, 103075, 8432
RECT 102779, 13753, 103075, 13828
RECT 103148, 10156, 103296, 10306
RECT 103148, 11880, 103296, 12029
RECT 103222, 8132, 103370, 8282
RECT 103222, 13903, 103370, 14053
RECT 103518, 10455, 103665, 10605
RECT 103518, 11580, 103665, 11730
RECT 103739, 7383, 103813, 7682
RECT 103739, 14503, 103813, 14803
RECT 103296, 10231, 103444, 10306
RECT 103296, 11880, 103444, 11955
RECT 103518, 7907, 103592, 8057
RECT 103518, 14128, 103592, 14278
RECT 103370, 8132, 103444, 8207
RECT 103370, 13978, 103444, 14053
RECT 103518, 10381, 103592, 10455
RECT 103518, 11730, 103592, 11805
RECT 103592, 7907, 103665, 7982
RECT 103592, 14203, 103665, 14278
END


D kagome_v1.02_d2100_x_1_y_-1
I 2
C 200
RECT 102779, 14053, 103518, 14803
RECT 103518, 14278, 103739, 14803
RECT 102779, 13828, 103222, 14053
RECT 102779, 13753, 103075, 13828
RECT 103222, 13903, 103370, 14053
RECT 103739, 14503, 103813, 14803
RECT 103518, 14128, 103592, 14278
RECT 103370, 13978, 103444, 14053
RECT 103592, 14203, 103665, 14278
END


D kagome_v1.02_d2100_x_0_y_1, 4284, 7420, 23, 1
I 2
C 200
RECT 5650, 103844, 7128, 104593
RECT 4247, 103844, 4986, 104593
RECT 7792, 103844, 8531, 104593
RECT 5946, 104593, 6832, 104818
RECT 4986, 103844, 5207, 104368
RECT 5429, 103844, 5650, 104368
RECT 7128, 103844, 7349, 104368
RECT 7571, 103844, 7792, 104368
RECT 4247, 104593, 4690, 104818
RECT 8088, 104593, 8531, 104818
RECT 6094, 104818, 6685, 104893
RECT 4247, 104818, 4543, 104893
RECT 4690, 104593, 4838, 104743
RECT 5207, 103844, 5281, 104143
RECT 5355, 103844, 5429, 104143
RECT 5798, 104593, 5946, 104743
RECT 6832, 104593, 6980, 104743
RECT 7349, 103844, 7423, 104143
RECT 7497, 103844, 7571, 104143
RECT 7940, 104593, 8088, 104743
RECT 8236, 104818, 8531, 104893
RECT 4986, 104368, 5060, 104518
RECT 5503, 104368, 5650, 104443
RECT 7128, 104368, 7202, 104518
RECT 7645, 104368, 7792, 104443
RECT 4838, 104593, 4912, 104668
RECT 5060, 104368, 5133, 104443
RECT 5577, 104443, 5650, 104518
RECT 5724, 104593, 5798, 104668
RECT 6980, 104593, 7054, 104668
RECT 7202, 104368, 7275, 104443
RECT 7719, 104443, 7792, 104518
RECT 7866, 104593, 7940, 104668
END


D kagome_v1.02_d2100_x_0_y_0, 4284, 7420, 23, 13
I 2
C 200
RECT 4543, 8507, 6094, 10006
RECT 5650, 10306, 7128, 11880
RECT 6685, 12179, 8236, 13678
RECT 4247, 10306, 4986, 11880
RECT 7792, 10306, 8531, 11880
RECT 5650, 7383, 7128, 8132
RECT 5650, 14053, 7128, 14803
RECT 4247, 7383, 4986, 8132
RECT 4247, 14053, 4986, 14803
RECT 7792, 7383, 8531, 8132
RECT 7792, 14053, 8531, 14803
RECT 4838, 8282, 5798, 8507
RECT 4986, 10605, 5207, 11580
RECT 5429, 10605, 5650, 11580
RECT 6980, 13678, 7940, 13903
RECT 7128, 10605, 7349, 11580
RECT 7571, 10605, 7792, 11580
RECT 5946, 8132, 6832, 8357
RECT 5946, 13828, 6832, 14053
RECT 4321, 8807, 4543, 9631
RECT 4912, 10006, 5724, 10231
RECT 6094, 8807, 6315, 9631
RECT 6463, 12554, 6685, 13379
RECT 7054, 11955, 7866, 12179
RECT 8236, 12554, 8457, 13379
RECT 6020, 10081, 6758, 10306
RECT 6020, 11880, 6758, 12104
RECT 4986, 7383, 5207, 7907
RECT 4986, 14278, 5207, 14803
RECT 5429, 7383, 5650, 7907
RECT 5429, 14278, 5650, 14803
RECT 7128, 7383, 7349, 7907
RECT 7128, 14278, 7349, 14803
RECT 7571, 7383, 7792, 7907
RECT 7571, 14278, 7792, 14803
RECT 4247, 8132, 4690, 8357
RECT 4247, 13828, 4690, 14053
RECT 8088, 8132, 8531, 8357
RECT 8088, 13828, 8531, 14053
RECT 4247, 10081, 4616, 10306
RECT 4247, 11880, 4616, 12104
RECT 8162, 10081, 8531, 10306
RECT 8162, 11880, 8531, 12104
RECT 4986, 8207, 5650, 8282
RECT 5207, 10755, 5281, 11430
RECT 5355, 10755, 5429, 11430
RECT 7128, 13903, 7792, 13978
RECT 7349, 10755, 7423, 11430
RECT 7497, 10755, 7571, 11430
RECT 6094, 8357, 6685, 8432
RECT 6094, 13753, 6685, 13828
RECT 4247, 9031, 4321, 9406
RECT 5133, 10231, 5503, 10306
RECT 6315, 9031, 6389, 9406
RECT 6389, 12779, 6463, 13154
RECT 7275, 11880, 7645, 11955
RECT 8457, 12779, 8531, 13154
RECT 4247, 8357, 4543, 8432
RECT 4247, 13753, 4543, 13828
RECT 4395, 8657, 4543, 8807
RECT 4395, 9631, 4543, 9781
RECT 4616, 10006, 4912, 10081
RECT 4616, 10156, 4764, 10306
RECT 4616, 11880, 4764, 12029
RECT 4690, 8132, 4838, 8282
RECT 4690, 8357, 4838, 8507
RECT 4690, 13903, 4838, 14053
RECT 4986, 10455, 5133, 10605
RECT 4986, 11580, 5133, 11730
RECT 5207, 7383, 5281, 7682
RECT 5207, 14503, 5281, 14803
RECT 5355, 7383, 5429, 7682
RECT 5355, 14503, 5429, 14803
RECT 5503, 10455, 5650, 10605
RECT 5503, 11580, 5650, 11730
RECT 5724, 10006, 5872, 10156
RECT 5724, 10231, 6020, 10306
RECT 5724, 11880, 6020, 11955
RECT 5798, 8132, 5946, 8282
RECT 5798, 8357, 5946, 8507
RECT 5798, 13903, 5946, 14053
RECT 6094, 8657, 6241, 8807
RECT 6094, 9631, 6167, 9931
RECT 6537, 12404, 6685, 12554
RECT 6537, 13379, 6685, 13528
RECT 6758, 10156, 6906, 10306
RECT 6758, 11880, 6906, 12029
RECT 6758, 12104, 7054, 12179
RECT 6832, 8132, 6980, 8282
RECT 6832, 13678, 6980, 13828
RECT 6832, 13903, 6980, 14053
RECT 7128, 10455, 7275, 10605
RECT 7128, 11580, 7275, 11730
RECT 7349, 7383, 7423, 7682
RECT 7349, 14503, 7423, 14803
RECT 7497, 7383, 7571, 7682
RECT 7497, 14503, 7571, 14803
RECT 7645, 10455, 7792, 10605
RECT 7645, 11580, 7792, 11730
RECT 7866, 10231, 8162, 10306
RECT 7866, 11880, 8162, 11955
RECT 7866, 12029, 8014, 12179
RECT 7940, 8132, 8088, 8282
RECT 7940, 13678, 8088, 13828
RECT 7940, 13903, 8088, 14053
RECT 8236, 8357, 8531, 8432
RECT 8236, 12254, 8309, 12554
RECT 8236, 13379, 8383, 13528
RECT 8236, 13753, 8531, 13828
RECT 4469, 9781, 4543, 9931
RECT 4764, 10081, 4912, 10156
RECT 4764, 10231, 4912, 10306
RECT 4764, 11880, 4912, 11955
RECT 4986, 7907, 5060, 8057
RECT 4986, 14128, 5060, 14278
RECT 5503, 7907, 5650, 7982
RECT 5503, 14203, 5650, 14278
RECT 5872, 10006, 6020, 10081
RECT 5872, 10156, 6020, 10231
RECT 5872, 11955, 6020, 12029
RECT 6167, 9631, 6241, 9781
RECT 6611, 12254, 6685, 12404
RECT 6906, 10231, 7054, 10306
RECT 6906, 11880, 7054, 11955
RECT 6906, 12029, 7054, 12104
RECT 7128, 7907, 7202, 8057
RECT 7128, 14128, 7202, 14278
RECT 7645, 7907, 7792, 7982
RECT 7645, 14203, 7792, 14278
RECT 8014, 10156, 8162, 10231
RECT 8014, 11955, 8162, 12029
RECT 8014, 12104, 8162, 12179
RECT 8309, 12404, 8383, 12554
RECT 4469, 8582, 4543, 8657
RECT 4616, 8432, 4690, 8507
RECT 4838, 8132, 4912, 8207
RECT 4838, 13978, 4912, 14053
RECT 4986, 10381, 5060, 10455
RECT 4986, 11730, 5060, 11805
RECT 5060, 7907, 5133, 7982
RECT 5060, 14203, 5133, 14278
RECT 5577, 7982, 5650, 8057
RECT 5577, 10381, 5650, 10455
RECT 5577, 11730, 5650, 11805
RECT 5577, 14128, 5650, 14203
RECT 5724, 8132, 5798, 8207
RECT 5724, 13978, 5798, 14053
RECT 5946, 8432, 6020, 8507
RECT 6094, 8582, 6167, 8657
RECT 6611, 13528, 6685, 13603
RECT 6758, 13678, 6832, 13753
RECT 6980, 8132, 7054, 8207
RECT 6980, 13978, 7054, 14053
RECT 7128, 10381, 7202, 10455
RECT 7128, 11730, 7202, 11805
RECT 7202, 7907, 7275, 7982
RECT 7202, 14203, 7275, 14278
RECT 7719, 7982, 7792, 8057
RECT 7719, 10381, 7792, 10455
RECT 7719, 11730, 7792, 11805
RECT 7719, 14128, 7792, 14203
RECT 7866, 8132, 7940, 8207
RECT 7866, 13978, 7940, 14053
RECT 8088, 13678, 8162, 13753
RECT 8236, 13528, 8309, 13603
END


D kagome_v1.02_d2100_x_0_y_-1, 4284, 7420, 23, 1
I 2
C 200
RECT 5650, 6633, 7128, 7383
RECT 4247, 6633, 4986, 7383
RECT 7792, 6633, 8531, 7383
RECT 5946, 6408, 6832, 6633
RECT 4986, 6858, 5207, 7383
RECT 5429, 6858, 5650, 7383
RECT 7128, 6858, 7349, 7383
RECT 7571, 6858, 7792, 7383
RECT 4247, 6408, 4690, 6633
RECT 8088, 6408, 8531, 6633
RECT 6094, 6333, 6685, 6408
RECT 4247, 6333, 4543, 6408
RECT 4690, 6483, 4838, 6633
RECT 5207, 7083, 5281, 7383
RECT 5355, 7083, 5429, 7383
RECT 5798, 6483, 5946, 6633
RECT 6832, 6483, 6980, 6633
RECT 7349, 7083, 7423, 7383
RECT 7497, 7083, 7571, 7383
RECT 7940, 6483, 8088, 6633
RECT 8236, 6333, 8531, 6408
RECT 4986, 6708, 5060, 6858
RECT 5503, 6783, 5650, 6858
RECT 7128, 6708, 7202, 6858
RECT 7645, 6783, 7792, 6858
RECT 4838, 6558, 4912, 6633
RECT 5060, 6783, 5133, 6858
RECT 5577, 6708, 5650, 6783
RECT 5724, 6558, 5798, 6633
RECT 6980, 6558, 7054, 6633
RECT 7202, 6783, 7275, 6858
RECT 7719, 6708, 7792, 6783
RECT 7866, 6558, 7940, 6633
END


D kagome_v1.02_d2100_x_-1_y_1
I 2
C 200
RECT 3508, 111265, 4247, 112014
RECT 3287, 111265, 3508, 111789
RECT 3804, 112014, 4247, 112239
RECT 3213, 111265, 3287, 111564
RECT 3656, 112014, 3804, 112164
RECT 3952, 112239, 4247, 112314
RECT 3361, 111789, 3508, 111864
RECT 3435, 111864, 3508, 111939
RECT 3582, 112014, 3656, 112089
END


D kagome_v1.02_d2100_x_-1_y_0, 4284, 7420, 1, 13
I 2
C 200
RECT 3508, 10306, 4247, 11880
RECT 3508, 7383, 4247, 8132
RECT 3508, 14053, 4247, 14803
RECT 3287, 10605, 3508, 11580
RECT 3287, 7383, 3508, 7907
RECT 3287, 14278, 3508, 14803
RECT 3804, 8132, 4247, 8357
RECT 3804, 13828, 4247, 14053
RECT 3878, 10081, 4247, 10306
RECT 3878, 11880, 4247, 12104
RECT 3213, 10755, 3287, 11430
RECT 3213, 7383, 3287, 7682
RECT 3213, 14503, 3287, 14803
RECT 3361, 10455, 3508, 10605
RECT 3361, 11580, 3508, 11730
RECT 3582, 10231, 3878, 10306
RECT 3582, 11880, 3878, 11955
RECT 3656, 8132, 3804, 8282
RECT 3656, 13903, 3804, 14053
RECT 3952, 8357, 4247, 8432
RECT 3952, 13753, 4247, 13828
RECT 3361, 7907, 3508, 7982
RECT 3361, 14203, 3508, 14278
RECT 3730, 10156, 3878, 10231
RECT 3730, 11955, 3878, 12029
RECT 3435, 7982, 3508, 8057
RECT 3435, 10381, 3508, 10455
RECT 3435, 11730, 3508, 11805
RECT 3435, 14128, 3508, 14203
RECT 3582, 8132, 3656, 8207
RECT 3582, 13978, 3656, 14053
END


D kagome_v1.02_d2100_x_-1_y_-1
I 2
C 200
RECT 3508, 14053, 4247, 14803
RECT 3287, 14278, 3508, 14803
RECT 3804, 13828, 4247, 14053
RECT 3213, 14503, 3287, 14803
RECT 3656, 13903, 3804, 14053
RECT 3952, 13753, 4247, 13828
RECT 3361, 14203, 3508, 14278
RECT 3435, 14128, 3508, 14203
RECT 3582, 13978, 3656, 14053
END





D kagome_v1.07_d1800_x_1_y_1
I 2
C 200
RECT 100115, 106713, 100782, 107387
RECT 100115, 107387, 100559, 107537
RECT 100782, 106713, 100930, 107162
RECT 100930, 106713, 101004, 107012
RECT 100115, 107537, 100337, 107612
RECT 100559, 107387, 100634, 107462
RECT 100782, 107162, 100856, 107237
END


D kagome_v1.07_d1800_x_1_y_0, 3852, 6671, 1, 14
I 2
C 200
RECT 100115, 9333, 100782, 10608
RECT 100115, 6635, 100782, 7309
RECT 100115, 12632, 100782, 13306
RECT 100782, 9483, 100930, 10458
RECT 100115, 9108, 100485, 9333
RECT 100115, 10608, 100485, 10833
RECT 100115, 7309, 100559, 7459
RECT 100115, 12482, 100559, 12632
RECT 100782, 6635, 100930, 7084
RECT 100782, 12857, 100930, 13306
RECT 100930, 9708, 101004, 10233
RECT 100485, 9183, 100634, 9333
RECT 100485, 10608, 100634, 10758
RECT 100930, 6635, 101004, 6934
RECT 100930, 13007, 101004, 13306
RECT 100115, 7459, 100337, 7534
RECT 100115, 12407, 100337, 12482
RECT 100559, 7309, 100634, 7384
RECT 100559, 12557, 100634, 12632
RECT 100634, 9258, 100708, 9333
RECT 100634, 10608, 100708, 10683
RECT 100782, 7084, 100856, 7159
RECT 100782, 9408, 100856, 9483
RECT 100782, 10458, 100856, 10533
RECT 100782, 12782, 100856, 12857
END


D kagome_v1.07_d1800_x_1_y_-1
I 2
C 200
RECT 100115, 12632, 100782, 13306
RECT 100115, 12482, 100559, 12632
RECT 100782, 12857, 100930, 13306
RECT 100930, 13007, 101004, 13306
RECT 100115, 12407, 100337, 12482
RECT 100559, 12557, 100634, 12632
RECT 100782, 12782, 100856, 12857
END


D kagome_v1.07_d1800_x_0_y_1, 3852, 6671, 25, 1
I 2
C 200
RECT 5074, 100041, 6408, 100715
RECT 3815, 100041, 4482, 100715
RECT 7000, 100041, 7667, 100715
RECT 5297, 100715, 6185, 100865
RECT 3815, 100715, 4259, 100865
RECT 4482, 100041, 4630, 100490
RECT 4852, 100041, 5074, 100340
RECT 6408, 100041, 6556, 100490
RECT 6778, 100041, 7000, 100340
RECT 7223, 100715, 7667, 100865
RECT 5519, 100865, 5963, 100940
RECT 4630, 100041, 4704, 100340
RECT 4926, 100340, 5074, 100490
RECT 6556, 100041, 6630, 100340
RECT 6852, 100340, 7000, 100490
RECT 3815, 100865, 4037, 100940
RECT 7445, 100865, 7667, 100940
RECT 4259, 100715, 4334, 100790
RECT 4482, 100490, 4556, 100565
RECT 5000, 100490, 5074, 100565
RECT 5222, 100715, 5296, 100790
RECT 6185, 100715, 6260, 100790
RECT 6408, 100490, 6482, 100565
RECT 6926, 100490, 7000, 100565
RECT 7148, 100715, 7222, 100790
END


D kagome_v1.07_d1800_x_0_y_0, 3852, 6671, 25, 14
I 2
C 200
RECT 4111, 7684, 5445, 8958
RECT 5074, 9333, 6408, 10608
RECT 6037, 10982, 7371, 12257
RECT 5074, 6635, 6408, 7309
RECT 5074, 12632, 6408, 13306
RECT 3815, 9333, 4482, 10608
RECT 7000, 9333, 7667, 10608
RECT 3815, 6635, 4482, 7309
RECT 3815, 12632, 4482, 13306
RECT 7000, 6635, 7667, 7309
RECT 7000, 12632, 7667, 13306
RECT 4408, 7459, 5148, 7684
RECT 5371, 9108, 6111, 9333
RECT 5371, 10608, 6111, 10833
RECT 6334, 12257, 7074, 12482
RECT 4482, 9483, 4630, 10458
RECT 4926, 9483, 5074, 10458
RECT 6408, 9483, 6556, 10458
RECT 6852, 9483, 7000, 10458
RECT 3889, 7984, 4111, 8584
RECT 4334, 8958, 5222, 9108
RECT 5297, 7309, 6185, 7459
RECT 5297, 12482, 6185, 12632
RECT 5445, 7834, 5593, 8734
RECT 5815, 11357, 6037, 11957
RECT 6260, 10833, 7148, 10982
RECT 7371, 11207, 7519, 12107
RECT 3815, 9108, 4185, 9333
RECT 3815, 10608, 4185, 10833
RECT 7297, 9108, 7667, 9333
RECT 7297, 10608, 7667, 10833
RECT 3815, 7309, 4259, 7459
RECT 3815, 12482, 4259, 12632
RECT 4482, 6635, 4630, 7084
RECT 4482, 12857, 4630, 13306
RECT 4852, 6635, 5074, 6934
RECT 4852, 13007, 5074, 13306
RECT 6408, 6635, 6556, 7084
RECT 6408, 12857, 6556, 13306
RECT 6778, 6635, 7000, 6934
RECT 6778, 13007, 7000, 13306
RECT 7223, 7309, 7667, 7459
RECT 7223, 12482, 7667, 12632
RECT 4482, 9108, 5074, 9183
RECT 5593, 7984, 5667, 8584
RECT 6408, 10758, 7000, 10833
RECT 7519, 11357, 7593, 11957
RECT 4630, 9708, 4704, 10233
RECT 4852, 9708, 4926, 10233
RECT 6556, 9708, 6630, 10233
RECT 6778, 9708, 6852, 10233
RECT 5519, 7459, 5963, 7534
RECT 5519, 12407, 5963, 12482
RECT 3963, 7834, 4111, 7984
RECT 3963, 8584, 4111, 8734
RECT 4185, 9183, 4334, 9333
RECT 4185, 10608, 4334, 10758
RECT 4259, 7534, 4408, 7684
RECT 4630, 6635, 4704, 6934
RECT 4630, 7384, 4926, 7459
RECT 4630, 13007, 4704, 13306
RECT 4926, 6934, 5074, 7084
RECT 4926, 12857, 5074, 13007
RECT 5148, 7534, 5296, 7684
RECT 5222, 9183, 5371, 9333
RECT 5222, 10608, 5371, 10758
RECT 5889, 11207, 6037, 11357
RECT 5889, 11957, 6037, 12107
RECT 6111, 9183, 6260, 9333
RECT 6111, 10608, 6260, 10758
RECT 6185, 12257, 6334, 12407
RECT 6556, 6635, 6630, 6934
RECT 6556, 12482, 6852, 12557
RECT 6556, 13007, 6630, 13306
RECT 6852, 6934, 7000, 7084
RECT 6852, 12857, 7000, 13007
RECT 7074, 12257, 7222, 12407
RECT 7148, 9183, 7297, 9333
RECT 7148, 10608, 7297, 10758
RECT 3815, 7459, 4037, 7534
RECT 3815, 12407, 4037, 12482
RECT 7445, 7459, 7667, 7534
RECT 7445, 12407, 7667, 12482
RECT 4037, 8734, 4111, 8883
RECT 4185, 8958, 4334, 9033
RECT 5222, 8958, 5371, 9033
RECT 5445, 8734, 5519, 8883
RECT 5963, 11057, 6037, 11207
RECT 6111, 10908, 6260, 10982
RECT 7148, 10908, 7297, 10982
RECT 7371, 11057, 7445, 11207
RECT 4037, 7759, 4111, 7834
RECT 4185, 7609, 4259, 7684
RECT 4259, 7309, 4334, 7384
RECT 4259, 12557, 4334, 12632
RECT 4334, 9258, 4408, 9333
RECT 4334, 10608, 4408, 10683
RECT 4482, 7084, 4556, 7159
RECT 4482, 9408, 4556, 9483
RECT 4482, 10458, 4556, 10533
RECT 4482, 12782, 4556, 12857
RECT 5000, 7084, 5074, 7159
RECT 5000, 9408, 5074, 9483
RECT 5000, 10458, 5074, 10533
RECT 5000, 12782, 5074, 12857
RECT 5148, 9258, 5222, 9333
RECT 5148, 10608, 5222, 10683
RECT 5222, 7309, 5296, 7384
RECT 5222, 12557, 5296, 12632
RECT 5297, 7609, 5371, 7684
RECT 5445, 7759, 5519, 7834
RECT 5963, 12107, 6037, 12182
RECT 6111, 12257, 6185, 12332
RECT 6185, 7309, 6260, 7384
RECT 6185, 12557, 6260, 12632
RECT 6260, 9258, 6334, 9333
RECT 6260, 10608, 6334, 10683
RECT 6408, 7084, 6482, 7159
RECT 6408, 9408, 6482, 9483
RECT 6408, 10458, 6482, 10533
RECT 6408, 12782, 6482, 12857
RECT 6926, 7084, 7000, 7159
RECT 6926, 9408, 7000, 9483
RECT 6926, 10458, 7000, 10533
RECT 6926, 12782, 7000, 12857
RECT 7074, 9258, 7148, 9333
RECT 7074, 10608, 7148, 10683
RECT 7148, 7309, 7222, 7384
RECT 7148, 12557, 7222, 12632
RECT 7223, 12257, 7297, 12332
RECT 7371, 12107, 7445, 12182
END


D kagome_v1.07_d1800_x_0_y_-1, 3852, 6671, 25, 1
I 2
C 200
RECT 5074, 5960, 6408, 6634
RECT 3815, 5960, 4482, 6634
RECT 7000, 5960, 7667, 6634
RECT 5297, 5810, 6185, 5960
RECT 3815, 5810, 4259, 5960
RECT 4482, 6185, 4630, 6634
RECT 4852, 6335, 5074, 6634
RECT 6408, 6185, 6556, 6634
RECT 6778, 6335, 7000, 6634
RECT 7223, 5810, 7667, 5960
RECT 5519, 5735, 5963, 5810
RECT 4630, 6335, 4704, 6634
RECT 4926, 6185, 5074, 6335
RECT 6556, 6335, 6630, 6634
RECT 6852, 6185, 7000, 6335
RECT 3815, 5735, 4037, 5810
RECT 7445, 5735, 7667, 5810
RECT 4259, 5885, 4334, 5960
RECT 4482, 6110, 4556, 6185
RECT 5000, 6110, 5074, 6185
RECT 5222, 5885, 5296, 5960
RECT 6185, 5885, 6260, 5960
RECT 6408, 6110, 6482, 6185
RECT 6926, 6110, 7000, 6185
RECT 7148, 5885, 7222, 5960
END


D kagome_v1.07_d1800_x_-1_y_1
I 2
C 200
RECT 3148, 106713, 3815, 107387
RECT 2926, 106713, 3148, 107012
RECT 3371, 107387, 3815, 107537
RECT 3000, 107012, 3148, 107162
RECT 3593, 107537, 3815, 107612
RECT 3074, 107162, 3148, 107237
RECT 3296, 107387, 3370, 107462
END


D kagome_v1.07_d1800_x_-1_y_0, 3852, 6671, 1, 14
I 2
C 200
RECT 3148, 9333, 3815, 10608
RECT 3148, 6635, 3815, 7309
RECT 3148, 12632, 3815, 13306
RECT 3000, 9483, 3148, 10458
RECT 3445, 9108, 3815, 9333
RECT 3445, 10608, 3815, 10833
RECT 2926, 6635, 3148, 6934
RECT 2926, 13007, 3148, 13306
RECT 3371, 7309, 3815, 7459
RECT 3371, 12482, 3815, 12632
RECT 2926, 9708, 3000, 10233
RECT 3000, 6934, 3148, 7084
RECT 3000, 12857, 3148, 13007
RECT 3296, 9183, 3445, 9333
RECT 3296, 10608, 3445, 10758
RECT 3593, 7459, 3815, 7534
RECT 3593, 12407, 3815, 12482
RECT 3074, 7084, 3148, 7159
RECT 3074, 9408, 3148, 9483
RECT 3074, 10458, 3148, 10533
RECT 3074, 12782, 3148, 12857
RECT 3222, 9258, 3296, 9333
RECT 3222, 10608, 3296, 10683
RECT 3296, 7309, 3370, 7384
RECT 3296, 12557, 3370, 12632
END


D kagome_v1.07_d1800_x_-1_y_-1
I 2
C 200
RECT 3148, 12632, 3815, 13306
RECT 2926, 13007, 3148, 13306
RECT 3371, 12482, 3815, 12632
RECT 3000, 12857, 3148, 13007
RECT 3593, 12407, 3815, 12482
RECT 3074, 12782, 3148, 12857
RECT 3296, 12557, 3370, 12632
END





D kagome_v1.07_d2100_x_1_y_1
I 2
C 200
RECT 103325, 108937, 104074, 109685
RECT 103325, 109685, 103774, 109910
RECT 104074, 108937, 104298, 109386
RECT 103325, 109910, 103624, 109984
RECT 103774, 109685, 103924, 109835
RECT 104074, 109386, 104223, 109535
RECT 104298, 108937, 104373, 109236
RECT 103924, 109685, 103999, 109760
RECT 104074, 109535, 104148, 109610
END


D kagome_v1.07_d2100_x_1_y_0, 4494, 7783, 1, 12
I 2
C 200
RECT 103325, 10890, 104074, 12387
RECT 103325, 7747, 104074, 8495
RECT 103325, 14782, 104074, 15530
RECT 104074, 11189, 104298, 12088
RECT 103325, 8495, 103774, 8720
RECT 103325, 10666, 103774, 10890
RECT 103325, 12387, 103774, 12611
RECT 103325, 14557, 103774, 14782
RECT 104074, 7747, 104298, 8196
RECT 104074, 15081, 104298, 15530
RECT 104298, 11339, 104373, 11938
RECT 103325, 8720, 103624, 8794
RECT 103325, 10591, 103624, 10666
RECT 103325, 12611, 103624, 12686
RECT 103325, 14483, 103624, 14557
RECT 103774, 8495, 103924, 8645
RECT 103774, 10740, 103924, 10890
RECT 103774, 12387, 103924, 12537
RECT 103774, 14632, 103924, 14782
RECT 104074, 8196, 104223, 8345
RECT 104074, 11040, 104223, 11189
RECT 104074, 12088, 104223, 12237
RECT 104074, 14932, 104223, 15081
RECT 104298, 7747, 104373, 8046
RECT 104298, 15231, 104373, 15530
RECT 103924, 8495, 103999, 8570
RECT 103924, 10815, 103999, 10890
RECT 103924, 12387, 103999, 12462
RECT 103924, 14707, 103999, 14782
RECT 104074, 8345, 104148, 8420
RECT 104074, 10965, 104148, 11040
RECT 104074, 12237, 104148, 12312
RECT 104074, 14857, 104148, 14932
END


D kagome_v1.07_d2100_x_1_y_-1
I 2
C 200
RECT 103325, 14782, 104074, 15530
RECT 103325, 14557, 103774, 14782
RECT 104074, 15081, 104298, 15530
RECT 103325, 14483, 103624, 14557
RECT 103774, 14632, 103924, 14782
RECT 104074, 14932, 104223, 15081
RECT 104298, 15231, 104373, 15530
RECT 103924, 14707, 103999, 14782
RECT 104074, 14857, 104148, 14932
END


D kagome_v1.07_d2100_x_0_y_1, 4494, 7783, 22, 1
I 2
C 200
RECT 5955, 101153, 7453, 101901
RECT 4457, 101153, 5206, 101901
RECT 8127, 101153, 8876, 101826
RECT 6254, 101901, 7153, 102126
RECT 8351, 101826, 8876, 102051
RECT 4457, 101901, 4906, 102126
RECT 5206, 101153, 5430, 101602
RECT 5730, 101153, 5955, 101602
RECT 7453, 101153, 7677, 101602
RECT 7902, 101153, 8127, 101452
RECT 6404, 102126, 7003, 102200
RECT 8651, 102051, 8876, 102200
RECT 4457, 102126, 4756, 102200
RECT 4906, 101901, 5056, 102051
RECT 5206, 101602, 5355, 101751
RECT 5430, 101153, 5505, 101452
RECT 5655, 101153, 5730, 101452
RECT 5805, 101602, 5955, 101751
RECT 6104, 101901, 6254, 102051
RECT 7153, 101901, 7303, 102051
RECT 7453, 101602, 7602, 101751
RECT 7677, 101153, 7752, 101452
RECT 7977, 101452, 8127, 101602
RECT 8052, 101602, 8127, 101751
RECT 8202, 101826, 8351, 101901
RECT 8501, 102051, 8651, 102126
RECT 5056, 101901, 5131, 101976
RECT 5206, 101751, 5280, 101826
RECT 5880, 101751, 5955, 101826
RECT 6029, 101901, 6104, 101976
RECT 7303, 101901, 7378, 101976
RECT 7453, 101751, 7527, 101826
RECT 8276, 101901, 8351, 101976
END


D kagome_v1.07_d2100_x_0_y_0, 4494, 7783, 22, 12
I 2
C 200
RECT 4831, 8944, 6329, 10441
RECT 5955, 10890, 7453, 12387
RECT 7078, 12836, 8576, 14333
RECT 4457, 10890, 5206, 12387
RECT 5955, 7747, 7453, 8495
RECT 5955, 14782, 7453, 15530
RECT 8127, 10965, 8876, 12312
RECT 4457, 7747, 5206, 8495
RECT 4457, 14782, 5206, 15530
RECT 8127, 7747, 8876, 8420
RECT 8127, 14857, 8876, 15530
RECT 4606, 9243, 4831, 10142
RECT 5131, 8720, 6029, 8944
RECT 5131, 10441, 6029, 10666
RECT 5206, 11189, 5430, 12088
RECT 5730, 11189, 5955, 12088
RECT 6254, 8495, 7153, 8720
RECT 6254, 10666, 7153, 10890
RECT 6254, 12387, 7153, 12611
RECT 6254, 14557, 7153, 14782
RECT 6329, 9243, 6554, 10142
RECT 6853, 13135, 7078, 14034
RECT 7378, 12611, 8276, 12836
RECT 7378, 14333, 8276, 14557
RECT 7453, 11189, 7677, 12088
RECT 8576, 13135, 8801, 14034
RECT 7902, 11339, 8127, 11938
RECT 8351, 8420, 8876, 8645
RECT 8351, 10740, 8876, 10965
RECT 8351, 12312, 8876, 12537
RECT 8351, 14632, 8876, 14857
RECT 4457, 8495, 4906, 8720
RECT 4457, 10666, 4906, 10890
RECT 4457, 12387, 4906, 12611
RECT 4457, 14557, 4906, 14782
RECT 5206, 7747, 5430, 8196
RECT 5206, 15081, 5430, 15530
RECT 5730, 7747, 5955, 8196
RECT 5730, 15081, 5955, 15530
RECT 7453, 7747, 7677, 8196
RECT 7453, 15081, 7677, 15530
RECT 7902, 7747, 8127, 8046
RECT 7902, 15231, 8127, 15530
RECT 4531, 9393, 4606, 9992
RECT 5280, 8645, 5880, 8720
RECT 5280, 10666, 5880, 10740
RECT 5430, 11339, 5505, 11938
RECT 5655, 11339, 5730, 11938
RECT 6404, 8720, 7003, 8794
RECT 6404, 10591, 7003, 10666
RECT 6404, 12611, 7003, 12686
RECT 6404, 14483, 7003, 14557
RECT 6554, 9393, 6629, 9992
RECT 6778, 13285, 6853, 13884
RECT 7527, 12537, 8127, 12611
RECT 7527, 14557, 8127, 14632
RECT 7677, 11339, 7752, 11938
RECT 8801, 13285, 8876, 13884
RECT 8651, 8645, 8876, 8794
RECT 8651, 10591, 8876, 10740
RECT 8651, 12537, 8876, 12686
RECT 8651, 14483, 8876, 14632
RECT 4457, 8720, 4756, 8794
RECT 4457, 10591, 4756, 10666
RECT 4457, 12611, 4756, 12686
RECT 4457, 14483, 4756, 14557
RECT 4681, 9094, 4831, 9243
RECT 4681, 10142, 4831, 10291
RECT 4906, 8495, 5056, 8645
RECT 4906, 10740, 5056, 10890
RECT 4906, 12387, 5056, 12537
RECT 4906, 14632, 5056, 14782
RECT 4981, 8794, 5131, 8944
RECT 4981, 10441, 5131, 10591
RECT 5206, 8196, 5355, 8345
RECT 5206, 11040, 5355, 11189
RECT 5206, 12088, 5355, 12237
RECT 5206, 14932, 5355, 15081
RECT 5430, 7747, 5505, 8046
RECT 5430, 15231, 5505, 15530
RECT 5655, 7747, 5730, 8046
RECT 5655, 15231, 5730, 15530
RECT 5805, 8196, 5955, 8345
RECT 5805, 11040, 5955, 11189
RECT 5805, 12088, 5955, 12237
RECT 5805, 14932, 5955, 15081
RECT 6029, 8794, 6179, 8944
RECT 6029, 10441, 6179, 10591
RECT 6104, 8495, 6254, 8645
RECT 6104, 10740, 6254, 10890
RECT 6104, 12387, 6254, 12537
RECT 6104, 14632, 6254, 14782
RECT 6329, 9094, 6479, 9243
RECT 6329, 10142, 6479, 10291
RECT 6928, 12986, 7078, 13135
RECT 6928, 14034, 7078, 14183
RECT 7153, 8495, 7303, 8645
RECT 7153, 10740, 7303, 10890
RECT 7153, 12387, 7303, 12537
RECT 7153, 14632, 7303, 14782
RECT 7228, 12686, 7378, 12836
RECT 7228, 14333, 7378, 14483
RECT 7453, 8196, 7602, 8345
RECT 7453, 11040, 7602, 11189
RECT 7453, 12088, 7602, 12237
RECT 7453, 14932, 7602, 15081
RECT 7677, 7747, 7752, 8046
RECT 7677, 15231, 7752, 15530
RECT 7977, 8046, 8127, 8196
RECT 7977, 11189, 8127, 11339
RECT 7977, 11938, 8127, 12088
RECT 7977, 15081, 8127, 15231
RECT 8276, 12686, 8426, 12836
RECT 8276, 14333, 8426, 14483
RECT 8576, 12986, 8726, 13135
RECT 8576, 14034, 8726, 14183
RECT 8052, 8196, 8127, 8345
RECT 8052, 11040, 8127, 11189
RECT 8052, 12088, 8127, 12237
RECT 8052, 14932, 8127, 15081
RECT 8202, 8420, 8351, 8495
RECT 8202, 10890, 8351, 10965
RECT 8202, 12312, 8351, 12387
RECT 8202, 14782, 8351, 14857
RECT 8501, 8645, 8651, 8720
RECT 8501, 10666, 8651, 10740
RECT 8501, 12537, 8651, 12611
RECT 8501, 14557, 8651, 14632
RECT 4756, 9019, 4831, 9094
RECT 4756, 10291, 4831, 10366
RECT 4906, 8869, 4981, 8944
RECT 4906, 10441, 4981, 10516
RECT 5056, 8495, 5131, 8570
RECT 5056, 10815, 5131, 10890
RECT 5056, 12387, 5131, 12462
RECT 5056, 14707, 5131, 14782
RECT 5206, 8345, 5280, 8420
RECT 5206, 10965, 5280, 11040
RECT 5206, 12237, 5280, 12312
RECT 5206, 14857, 5280, 14932
RECT 5880, 8345, 5955, 8420
RECT 5880, 10965, 5955, 11040
RECT 5880, 12237, 5955, 12312
RECT 5880, 14857, 5955, 14932
RECT 6029, 8495, 6104, 8570
RECT 6029, 10815, 6104, 10890
RECT 6029, 12387, 6104, 12462
RECT 6029, 14707, 6104, 14782
RECT 6179, 8869, 6254, 8944
RECT 6179, 10441, 6254, 10516
RECT 6329, 9019, 6404, 9094
RECT 6329, 10291, 6404, 10366
RECT 7003, 12911, 7078, 12986
RECT 7003, 14183, 7078, 14258
RECT 7153, 12761, 7228, 12836
RECT 7153, 14333, 7228, 14408
RECT 7303, 8495, 7378, 8570
RECT 7303, 10815, 7378, 10890
RECT 7303, 12387, 7378, 12462
RECT 7303, 14707, 7378, 14782
RECT 7453, 8345, 7527, 8420
RECT 7453, 10965, 7527, 11040
RECT 7453, 12237, 7527, 12312
RECT 7453, 14857, 7527, 14932
RECT 8276, 8495, 8351, 8570
RECT 8276, 10815, 8351, 10890
RECT 8276, 12387, 8351, 12462
RECT 8276, 14707, 8351, 14782
RECT 8426, 12761, 8501, 12836
RECT 8426, 14333, 8501, 14408
RECT 8576, 12911, 8651, 12986
RECT 8576, 14183, 8651, 14258
END


D kagome_v1.07_d2100_x_0_y_-1, 4494, 7783, 22, 1
I 2
C 200
RECT 5955, 6998, 7453, 7746
RECT 4457, 6998, 5206, 7746
RECT 8127, 7073, 8876, 7746
RECT 6254, 6773, 7153, 6998
RECT 8351, 6848, 8876, 7073
RECT 4457, 6773, 4906, 6998
RECT 5206, 7297, 5430, 7746
RECT 5730, 7297, 5955, 7746
RECT 7453, 7297, 7677, 7746
RECT 7902, 7447, 8127, 7746
RECT 6404, 6699, 7003, 6773
RECT 8651, 6699, 8876, 6848
RECT 4457, 6699, 4756, 6773
RECT 4906, 6848, 5056, 6998
RECT 5206, 7148, 5355, 7297
RECT 5430, 7447, 5505, 7746
RECT 5655, 7447, 5730, 7746
RECT 5805, 7148, 5955, 7297
RECT 6104, 6848, 6254, 6998
RECT 7153, 6848, 7303, 6998
RECT 7453, 7148, 7602, 7297
RECT 7677, 7447, 7752, 7746
RECT 7977, 7297, 8127, 7447
RECT 8052, 7148, 8127, 7297
RECT 8202, 6998, 8351, 7073
RECT 8501, 6773, 8651, 6848
RECT 5056, 6923, 5131, 6998
RECT 5206, 7073, 5280, 7148
RECT 5880, 7073, 5955, 7148
RECT 6029, 6923, 6104, 6998
RECT 7303, 6923, 7378, 6998
RECT 7453, 7073, 7527, 7148
RECT 8276, 6923, 8351, 6998
END


D kagome_v1.07_d2100_x_-1_y_1
I 2
C 200
RECT 3633, 108937, 4382, 109610
RECT 3857, 109610, 4382, 109835
RECT 3408, 108937, 3633, 109236
RECT 4157, 109835, 4382, 109984
RECT 3483, 109236, 3633, 109386
RECT 3558, 109386, 3633, 109535
RECT 3708, 109610, 3857, 109685
RECT 4007, 109835, 4157, 109910
RECT 3782, 109685, 3857, 109760
END


D kagome_v1.07_d2100_x_-1_y_0, 4494, 7783, 1, 12
I 2
C 200
RECT 3633, 10965, 4382, 12312
RECT 3633, 7747, 4382, 8420
RECT 3633, 14857, 4382, 15530
RECT 3408, 11339, 3633, 11938
RECT 3857, 8420, 4382, 8645
RECT 3857, 10740, 4382, 10965
RECT 3857, 12312, 4382, 12537
RECT 3857, 14632, 4382, 14857
RECT 3408, 7747, 3633, 8046
RECT 3408, 15231, 3633, 15530
RECT 4157, 8645, 4382, 8794
RECT 4157, 10591, 4382, 10740
RECT 4157, 12537, 4382, 12686
RECT 4157, 14483, 4382, 14632
RECT 3483, 8046, 3633, 8196
RECT 3483, 11189, 3633, 11339
RECT 3483, 11938, 3633, 12088
RECT 3483, 15081, 3633, 15231
RECT 3558, 8196, 3633, 8345
RECT 3558, 11040, 3633, 11189
RECT 3558, 12088, 3633, 12237
RECT 3558, 14932, 3633, 15081
RECT 3708, 8420, 3857, 8495
RECT 3708, 10890, 3857, 10965
RECT 3708, 12312, 3857, 12387
RECT 3708, 14782, 3857, 14857
RECT 4007, 8645, 4157, 8720
RECT 4007, 10666, 4157, 10740
RECT 4007, 12537, 4157, 12611
RECT 4007, 14557, 4157, 14632
RECT 3782, 8495, 3857, 8570
RECT 3782, 10815, 3857, 10890
RECT 3782, 12387, 3857, 12462
RECT 3782, 14707, 3857, 14782
END


D kagome_v1.07_d2100_x_-1_y_-1
I 2
C 200
RECT 3633, 14857, 4382, 15530
RECT 3857, 14632, 4382, 14857
RECT 3408, 15231, 3633, 15530
RECT 4157, 14483, 4382, 14632
RECT 3483, 15081, 3633, 15231
RECT 3558, 14932, 3633, 15081
RECT 3708, 14782, 3857, 14857
RECT 4007, 14557, 4157, 14632
RECT 3782, 14707, 3857, 14782
END





