D nbr_0
I 16
C 122
P 0, 23000, 22000, 31000, 25000
P 0, 31000, 13000, 34000, 23000
P 0, 31000, 2000, 34000, 12000
P 0, 23000, 0, 31000, 3000
P 0, 20000, 2000, 23000, 12000
P 0, 20000, 13000, 23000, 23000
END

D nbr_1
I 16
C 122
P 0, 31000, 13000, 34000, 23000
P 0, 31000, 2000, 34000, 12000
END

D nbr_2
I 16
C 122
P 0, 23000, 22000, 31000, 25000
P 0, 31000, 13000, 34000, 23000
P 0, 23000, 0, 31000, 3000
P 0, 20000, 2000, 23000, 12000
P 0, 23000, 11000, 31000, 14000
END

D nbr_3
I 16
C 122
P 0, 23000, 22000, 31000, 25000
P 0, 31000, 13000, 34000, 23000
P 0, 31000, 2000, 34000, 12000
P 0, 23000, 0, 31000, 3000
P 0, 23000, 11000, 31000, 14000
END

D nbr_4
I 16
C 122
P 0, 31000, 13000, 34000, 23000
P 0, 31000, 2000, 34000, 12000
P 0, 20000, 13000, 23000, 23000
P 0, 23000, 11000, 31000, 14000
END

D nbr_5
I 16
C 122
P 0, 23000, 22000, 31000, 25000
P 0, 31000, 2000, 34000, 12000
P 0, 23000, 0, 31000, 3000
P 0, 20000, 13000, 23000, 23000
P 0, 23000, 11000, 31000, 14000
END

D nbr_6
I 16
C 122
P 0, 23000, 22000, 31000, 25000
P 0, 31000, 2000, 34000, 12000
P 0, 23000, 0, 31000, 3000
P 0, 20000, 2000, 23000, 12000
P 0, 20000, 13000, 23000, 23000
P 0, 23000, 11000, 31000, 14000
END

D nbr_7
I 16
C 122
P 0, 23000, 22000, 31000, 25000
P 0, 31000, 13000, 34000, 23000
P 0, 31000, 2000, 34000, 12000
END

D nbr_8
I 16
C 122
P 0, 23000, 22000, 31000, 25000
P 0, 31000, 13000, 34000, 23000
P 0, 31000, 2000, 34000, 12000
P 0, 23000, 0, 31000, 3000
P 0, 20000, 2000, 23000, 12000
P 0, 20000, 13000, 23000, 23000
P 0, 23000, 11000, 31000, 14000
END

D nbr_9
I 16
C 122
P 0, 23000, 22000, 31000, 25000
P 0, 31000, 13000, 34000, 23000
P 0, 31000, 2000, 34000, 12000
P 0, 23000, 0, 31000, 3000
P 0, 20000, 13000, 23000, 23000
P 0, 23000, 11000, 31000, 14000
END