D square_bulk_uc_d1800_v0.95_ax1710.0_ay1710.0
I 2
C 200
RECT 71, 214, 1496, 1354
RECT 356, -71, 1211, 214
RECT 356, 1354, 1211, 1639
RECT -71, 356, 71, 1211
RECT 1496, 356, 1639, 1211
RECT 214, 71, 356, 214
RECT 214, 1354, 356, 1496
RECT 1211, 71, 1354, 214
RECT 1211, 1354, 1354, 1496
END


D square_bulk_uc_d2100_v0.95_ax1995.0_ay1995.0
I 2
C 200
RECT 71, 214, 1781, 1639
RECT 499, -71, 1354, 214
RECT 499, 1639, 1354, 1924
RECT -71, 499, 71, 1354
RECT 1781, 499, 1924, 1354
RECT 214, 71, 499, 214
RECT 214, 1639, 499, 1781
RECT 1354, 71, 1639, 214
RECT 1354, 1639, 1639, 1781
END


D square_bulk_uc_d2500_v0.95_ax2375.0_ay2375.0
I 2
C 200
RECT 223, 223, 2004, 2004
RECT -74, 520, 223, 1707
RECT 520, -74, 1707, 223
RECT 520, 2004, 1707, 2301
RECT 2004, 520, 2301, 1707
RECT 74, 371, 223, 520
RECT 74, 1707, 223, 1855
RECT 371, 74, 520, 223
RECT 371, 2004, 520, 2152
RECT 1707, 74, 1855, 223
RECT 1707, 2004, 1855, 2152
RECT 2004, 371, 2152, 520
RECT 2004, 1707, 2152, 1855
END


D square_bulk_uc_d1800_v1.0_ax1800.0_ay1800.0
I 2
C 200
RECT 69, 208, 1592, 1454
RECT 485, -69, 1177, 208
RECT 485, 1454, 1177, 1731
RECT -69, 485, 69, 1177
RECT 1592, 485, 1731, 1177
RECT 208, 69, 485, 208
RECT 208, 1454, 485, 1592
RECT 1177, 69, 1454, 208
RECT 1177, 1454, 1454, 1592
END


D square_bulk_uc_d2100_v1.0_ax2100.0_ay2100.0
I 2
C 200
RECT 210, 210, 1750, 1750
RECT -70, 630, 210, 1330
RECT 630, -70, 1330, 210
RECT 630, 1750, 1330, 2030
RECT 1750, 630, 2030, 1330
RECT 70, 350, 210, 630
RECT 70, 1330, 210, 1610
RECT 350, 70, 630, 210
RECT 350, 1750, 630, 1890
RECT 1330, 70, 1610, 210
RECT 1330, 1750, 1610, 1890
RECT 1750, 350, 1890, 630
RECT 1750, 1330, 1890, 1610
END


D square_bulk_uc_d2500_v1.0_ax2500.0_ay2500.0
I 2
C 200
RECT 221, 221, 2132, 2132
RECT -74, 809, 221, 1544
RECT 809, -74, 1544, 221
RECT 809, 2132, 1544, 2426
RECT 2132, 809, 2426, 1544
RECT 74, 515, 221, 809
RECT 74, 1544, 221, 1838
RECT 515, 74, 809, 221
RECT 515, 2132, 809, 2279
RECT 1544, 74, 1838, 221
RECT 1544, 2132, 1838, 2279
RECT 2132, 515, 2279, 809
RECT 2132, 1544, 2279, 1838
END


D square_bulk_uc_d1800_v1.07_ax1926.0_ay1926.0
I 2
C 200
RECT 222, 222, 1556, 1556
RECT 74, 370, 222, 1407
RECT 370, 74, 1407, 222
RECT 370, 1556, 1407, 1704
RECT 1556, 370, 1704, 1407
RECT -74, 815, 74, 963
RECT 815, -74, 963, 74
RECT 815, 1704, 963, 1852
RECT 1704, 815, 1852, 963
END


D square_bulk_uc_d2100_v1.07_ax2247.0_ay2247.0
I 2
C 200
RECT 225, 374, 1873, 1723
RECT 524, 75, 1573, 374
RECT 524, 1723, 1573, 2022
RECT 75, 524, 225, 1573
RECT 1872, 524, 2022, 1573
RECT -75, 974, 75, 1124
RECT 374, 225, 524, 374
RECT 374, 1723, 524, 1873
RECT 974, -75, 1124, 75
RECT 1573, 225, 1723, 374
RECT 1573, 1723, 1723, 1873
END


D square_bulk_uc_d2500_v1.07_ax2675.0_ay2675.0
I 2
C 200
RECT 372, 372, 2155, 2155
RECT 74, 669, 372, 1858
RECT 669, 74, 1858, 372
RECT 669, 2155, 1858, 2452
RECT 2155, 669, 2452, 1858
RECT 223, 520, 372, 669
RECT 223, 1858, 372, 2006
RECT 520, 223, 669, 372
RECT 520, 2155, 669, 2303
RECT 1858, 223, 2006, 372
RECT 1858, 2155, 2006, 2303
RECT 2155, 520, 2303, 669
RECT 2155, 1858, 2303, 2006
END


D triangular_bulk_d1800_v0.95
I 2
C 200
RECT -71, 1211, 1069, 2779
RECT -71, 214, 1639, 1069
RECT 1069, 1639, 1639, 2636
RECT 499, -71, 1639, 214
RECT 1069, 1069, 1639, 1496
RECT -71, -71, 214, 214
RECT 499, 1069, 1069, 1211
RECT -71, 1069, 214, 1211
RECT 214, -71, 499, 71
RECT 1354, 1496, 1639, 1639
RECT 1354, 2636, 1639, 2779
END


D triangular_bulk_d2100_v0.95
I 2
C 200
RECT -71, 1496, 1211, 3349
RECT 641, -71, 1924, 1496
RECT 1639, 1496, 1924, 3349
RECT -71, 214, 356, 1354
RECT 1211, 2209, 1639, 2779
RECT 356, 499, 641, 1069
RECT 1211, 1496, 1639, 1781
RECT -71, -71, 641, 71
RECT 1211, 3206, 1639, 3349
RECT -71, 71, 214, 214
RECT -71, 1354, 214, 1496
RECT 499, 214, 641, 499
RECT 499, 1069, 641, 1354
RECT 1211, 1924, 1354, 2209
RECT 1211, 2779, 1354, 3064
RECT 1496, 1924, 1639, 2209
RECT 1496, 2779, 1639, 3064
END


D triangular_bulk_d2500_v0.95
I 2
C 200
RECT -74, 1855, 1559, 3934
RECT 816, -74, 2301, 1855
RECT -74, 371, 816, 1559
RECT 1855, 1855, 2301, 3934
RECT 1559, 2449, 1855, 3637
RECT -74, -74, 223, 371
RECT -74, 1559, 223, 1855
RECT 223, -74, 816, 74
RECT 1559, 1855, 1855, 2152
RECT 371, 1707, 816, 1855
RECT 1559, 3785, 1855, 3934
RECT 223, 223, 371, 371
RECT 223, 1559, 371, 1707
RECT 668, 223, 816, 371
RECT 668, 1559, 816, 1707
END


D triangular_bulk_d1800_v1.0
I 2
C 200
RECT -69, 1454, 1038, 2977
RECT 623, 69, 1731, 1454
RECT -69, -69, 208, 1315
RECT 1038, 2008, 1731, 2562
RECT 208, 485, 623, 900
RECT 1454, 1454, 1731, 2008
RECT 762, -69, 1731, 69
RECT 1454, 2562, 1731, 2838
RECT 208, -69, 623, 69
RECT 1038, 1454, 1454, 1592
RECT 208, 900, 346, 1177
RECT 208, 1315, 485, 1454
RECT 485, 208, 623, 485
RECT 485, 900, 623, 1177
RECT 1038, 1731, 1177, 2008
RECT 1038, 2562, 1177, 2838
RECT -69, 1315, 69, 1454
RECT 208, 346, 346, 485
RECT 1315, 1869, 1454, 2008
RECT 1315, 2562, 1454, 2700
RECT 1592, 2838, 1731, 2977
END


D triangular_bulk_d2100_v1.0
I 2
C 200
RECT 910, -70, 2030, 1750
RECT -70, 1890, 1190, 3430
RECT -70, -70, 210, 1890
RECT 1610, 2030, 2030, 3290
RECT 490, 350, 910, 1330
RECT 1190, 2170, 1470, 3150
RECT 210, 210, 350, 1470
RECT 210, 1610, 770, 1890
RECT 1190, 1750, 2030, 1890
RECT 210, -70, 770, 70
RECT 350, 630, 490, 1050
RECT 1470, 2450, 1610, 2870
RECT 630, 210, 910, 350
RECT 630, 1330, 910, 1470
RECT 770, 1750, 1050, 1890
RECT 1750, 1890, 2030, 2030
RECT 1750, 3290, 2030, 3430
RECT 770, 70, 910, 210
RECT 770, 1470, 910, 1610
RECT 1190, 2030, 1330, 2170
RECT 1190, 3150, 1330, 3290
END


D triangular_bulk_d2500_v1.0
I 2
C 200
RECT -74, 1985, 1544, 4044
RECT 956, 74, 2426, 1985
RECT -74, 221, 368, 1838
RECT 1985, 2426, 2426, 3897
RECT 662, 368, 956, 1691
RECT 1544, 2868, 1985, 3456
RECT -74, 4044, 1397, 4191
RECT 1103, -74, 2426, 74
RECT 368, 662, 662, 1250
RECT 1544, 1985, 2132, 2279
RECT -74, -74, 956, 74
RECT 1544, 4044, 2132, 4191
RECT 1544, 3456, 1691, 3897
RECT 2279, 1985, 2426, 2426
RECT -74, 74, 221, 221
RECT -74, 1838, 221, 1985
RECT 368, 1250, 515, 1544
RECT 1544, 2574, 1691, 2868
RECT 1838, 3456, 1985, 3750
RECT 2132, 3897, 2426, 4044
RECT 368, 515, 515, 662
RECT 809, 221, 956, 368
RECT 809, 1691, 956, 1838
RECT 1838, 2721, 1985, 2868
RECT 2132, 1985, 2279, 2132
RECT 2132, 2279, 2279, 2426
RECT 2279, 4044, 2426, 4191
END


D triangular_bulk_d1800_v1.07
I 2
C 200
RECT 667, 74, 1852, 1407
RECT -74, 1704, 963, 3185
RECT 1556, 1852, 1852, 3037
RECT -74, 222, 222, 1259
RECT 963, 2000, 1259, 2889
RECT 815, 1407, 1852, 1556
RECT -74, 1556, 815, 1704
RECT 519, 370, 667, 1259
RECT 963, -74, 1852, 74
RECT 222, 519, 370, 1111
RECT 1407, 2148, 1556, 2741
RECT 1111, 1556, 1556, 1704
RECT -74, 74, 74, 222
RECT -74, 1259, 74, 1407
RECT 963, 1852, 1111, 2000
RECT 963, 2889, 1111, 3037
RECT 1704, 1704, 1852, 1852
RECT 1704, 3037, 1852, 3185
END


D triangular_bulk_d2100_v1.07
I 2
C 200
RECT -75, 2022, 1273, 3670
RECT 824, 75, 2022, 1723
RECT -75, 374, 374, 1423
RECT 1723, 2322, 2022, 3371
RECT 674, 225, 824, 1573
RECT 1273, 2172, 1423, 3371
RECT -75, 1872, 974, 2022
RECT 1124, -75, 2022, 75
RECT 1124, 1723, 2022, 1873
RECT 524, 674, 674, 1124
RECT 1423, 2622, 1573, 3071
RECT -75, 75, 75, 374
RECT -75, 1423, 75, 1723
RECT 75, 225, 225, 374
RECT 75, 1423, 225, 1573
RECT 374, -75, 524, 75
RECT 374, 1723, 524, 1873
RECT 1872, 2172, 2022, 2322
RECT 1872, 3370, 2022, 3520
END


D triangular_bulk_d2500_v1.07
I 2
C 200
RECT 1115, 74, 2601, 2155
RECT -74, 2303, 1263, 4533
RECT -74, 372, 372, 1709
RECT 1263, 2749, 1709, 4087
RECT 2155, 2749, 2601, 4087
RECT 817, 372, 1115, 1709
RECT 1263, -74, 2601, 74
RECT 1412, 2155, 2452, 2303
RECT 223, 2155, 966, 2303
RECT 372, 669, 520, 1412
RECT 669, 669, 817, 1412
RECT 1709, 3047, 1858, 3790
RECT 2006, 3047, 2155, 3790
RECT -74, 1709, 223, 2006
RECT 1263, 2452, 1560, 2749
RECT 2303, 2452, 2601, 2749
RECT 372, -74, 817, 74
RECT -74, 74, 74, 372
RECT 966, 1709, 1115, 2006
RECT 1263, 4087, 1412, 4384
RECT 2303, 4087, 2601, 4235
RECT -74, 2006, 74, 2155
RECT 74, 223, 223, 372
RECT 966, 223, 1115, 372
RECT 1412, 4087, 1560, 4235
RECT 2452, 4235, 2601, 4384
END


